0.009554647 0 0 0.25 -1 0 -0.3818 -1
0.2685534 1 -1 0.5 -1 1 0 0
0.6987612 0 -1 0.5 -1 0 0 0
2.678778e-05 0 1 0.5 -1 0 -0.4926 -1
0.8812083 1 1 0.75 0 1 0.4588 0
0.001664452 0 -1 0.5 1 0 0.7906 -1
0.01127894 1 0 0.5 0 1 0.34 -1
0.9135943 1 0 0.75 2 1 0.7424 0
0.208321 -1 -1 0.75 -1 1 0.1027 1
0.9636054 1 -1 0.75 2 1 0.93 1
0.6830276 0 -1 0.25 0 0 0 1
0.8136056 0 0 0.5 0 0 0 0
0.5 1 0 0.75 2 1 0.7345 0
0.5 -1 -1 0.5 -1 0 0 0
0.0001252186 0 -1 0 0 0 -0.0516 -1
0.005621941 1 1 0.75 0 0 0.296 0
1.451463e-05 -1 0 0.25 -4 -1 -0.8442 -1
0.0003101568 -1 -1 0.75 -1 -1 -0.5719 -1
0.0005492149 -1 -1 0.25 -1 -1 -0.6597 -1
0.02044556 -1 -1 0 -1 -1 -0.6486 0
0.001722533 1 -1 0.5 0 1 0.368 -1
0.0822814 0 -1 0.25 -1 1 -0.4767 0
0.5 0 -1 0.5 -1 1 0 0
9.272636e-06 -1 0 0.25 -4 -1 -0.9187 -1
0.003617657 0 0 0.25 -1 0 -0.4404 -1
0.004986922 1 1 0.75 0 1 0 -1
0.0006852517 1 -1 0.25 -1 1 -0.6597 -1
0.111646 -1 1 0.75 -2 -1 0 0
0.5 0 -1 0.5 -1 0 0 0
0.008852863 1 -1 0.5 -1 1 -0.2023 0
0.5 0 0 0.5 0 0 0 0
0.0008675921 0 1 0.5 0 0 0.0516 -1
0.0001200685 0 -1 0.25 -1 1 -0.6249 -1
0.1391852 -1 -1 0.25 -1 -1 -0.34 0
0.5 0 -1 0.75 0 0 0 0
0.9834431 1 -1 1 3 1 0.7793 1
5.242731e-05 -1 -1 0.25 -3 -1 -0.7845 -1
0.003457492 1 -1 0.5 1 1 0.101 -1
2.298584e-05 -1 -1 0.25 -3 -1 -0.872 -1
0.007994654 1 1 0.75 0 1 0.2023 -1
0.5 0 -1 0.75 -1 1 0 0
0.9256683 1 -1 0.75 0 1 0.5106 0
0.001541831 -1 -1 0 -2 -1 -0.8151 -1
3.423934e-06 -1 -1 0.25 -3 -1 -0.946 -1
0.5 0 0 0.5 0 0 0 0
0.006675101 0 -1 0.5 -1 1 -0.4404 -1
0.005955351 0 0 0.25 0 0 -0.4404 0
0.002646679 0 -1 0.25 -1 0 -0.4404 -1
0.004743649 0 -1 0.25 -1 -1 -0.4404 -1
0.5 0 -1 0.5 -1 0 0 0
0.5 0 -1 0.5 0 1 0 0
0.005754498 1 0 0.75 3 1 0.6989 0
0.7908073 1 -1 0.5 -1 1 0.4588 0
0.5 0 0 0.5 0 1 0 0
8.724673e-05 1 -1 0.5 -1 1 -0.4824 -1
0.009409993 -1 -1 0.25 -4 -1 -0.4389 -1
0.5 0 -1 0.5 0 0 0 0
4.047634e-05 -1 -1 0.75 0 -1 0.0253 -1
0.002103883 -1 -1 0.5 1 -1 -0.5848 -1
0.0146703 -1 -1 0.25 -1 -1 -0.802 0
0.004493838 0 0 0.25 -1 -1 -0.7096 -1
6.397635e-05 0 -1 0.25 -2 -1 -0.8151 -1
0.003493547 0 0 0.25 -1 0 -0.4404 -1
0.0004472369 -1 -1 0.25 0 0 -0.5423 -1
0.0002824062 1 1 0.25 0 1 0.2695 -1
0.06725436 -1 1 0.5 -1 -1 0.7269 -1
0.05235217 0 0 0.5 -1 0 -0.4215 -1
0.002640722 -1 -1 0.25 -1 -1 -0.4404 -1
0.0006552144 0 1 0.25 -1 0 -0.6041 -1
0.007118879 1 -1 0.5 -1 1 -0.1027 0
0.0005173783 -1 0 0.25 -2 -1 -0.6808 -1
0.7744604 1 -1 0.5 -1 -1 0.2023 0
0.012331 0 -1 0.75 -1 0 -0.4404 -1
0.5 0 -1 1 1 0 0 0
0.009576903 -1 -1 0.25 0 1 -0.6908 0
0.004831859 1 -1 0.5 0 1 0.3412 -1
2.176578e-05 -1 -1 0.25 -3 -1 -0.8625 -1
0.225713 0 -1 0.25 -1 -1 0 0
0.5 0 -1 0.25 -1 1 0 0
0.5 0 0 0.5 0 0 0 0
0.2607979 1 -1 0 0 0 0 0
0.9686279 0 -1 0.75 -1 1 0.296 0
0.0002522258 0 0 0.75 -1 -1 -0.264 0
0.0001656042 0 0 0.25 1 0 -0.3074 -1
0.002514905 1 1 0.25 1 1 0.7003 -1
0.001886633 0 1 0.25 0 0 -0.4926 -1
1.550924e-05 1 0 0.25 -1 -1 -0.881 -1
0.00252698 1 0 0.5 -1 1 0 -1
0.2059165 0 -1 0.5 -1 0 0 0
0.001273112 -1 -1 0.25 -3 1 -0.6114 -1
0.004203717 1 0 0.75 2 1 -0.428 -1
0.003311926 1 -1 0.75 -1 1 -0.4404 -1
0.0008171733 0 -1 0.25 0 0 -0.1593 1
2.228079e-05 -1 -1 0.25 -4 -1 -0.8885 -1
0.5 0 -1 0.5 0 1 0.296 0
0.0001967514 0 -1 0.5 -2 1 -0.0516 -1
0.002779197 0 1 0.25 0 1 0.1779 -1
0.7466093 -1 0 0.25 0 0 0.0516 -1
5.434929e-05 -1 -1 0 1 -1 -0.8475 -1
0.0005777502 1 0 0 0 1 0.4404 -1
0.2811058 0 -1 0.5 -1 0 0 0
0.5 0 0 0.75 0 0 0 0
0.8611346 1 1 0.75 0 1 0.4939 -1
0.006878802 0 0 0.25 -1 0 -0.4404 -1
0.0006137113 -1 -1 0.25 -1 1 -0.7184 -1
0.0006378427 0 -1 0.5 1 0 0.7033 -1
0.5 0 0 0.5 0 0 0 0
5.71589e-05 -1 -1 0.75 -3 -1 -0.7514 -1
0.007698826 0 0 0.25 -1 1 0.3624 -1
0.9966726 1 -1 0.5 -1 1 0.9274 0
0.003283479 0 0 0.75 -1 0 -0.4404 -1
0.0001197482 -1 -1 0.25 -1 -1 -0.6808 -1
0.002520434 0 1 0.25 -1 0 -0.4404 -1
0.0002831823 -1 -1 0.25 0 -1 -0.7494 -1
0.0002888223 0 -1 0.25 0 0 -0.0258 0
0.001292018 -1 -1 0.5 -1 0 -0.4515 -1
0.009660865 0 -1 0.25 -2 -1 0.874 -1
0.001452267 1 -1 0.75 0 1 0.3182 -1
2.908111e-05 -1 -1 0.25 -1 1 -0.6 -1
0.01834681 -1 1 0.25 -2 -1 -0.6901 -1
0.0002761027 -1 -1 0.25 -1 -1 -0.7351 -1
0.002896277 -1 -1 0.25 -3 -1 -0.765 -1
0.003558497 1 -1 0.25 0 1 0.0258 -1
0.009365089 -1 -1 0 -2 -1 -0.7506 -1
0.05391327 0 0 0.75 -1 0 0 -1
3.580932e-05 0 -1 0.25 -3 0 -0.784 -1
0.0006053593 1 0 0.25 1 1 -0.7382 -1
0.02581254 0 -1 0.25 0 0 0 -1
0.5 0 -1 0.75 -1 1 0.5106 0
0.0006413247 0 -1 0.75 -2 1 -0.0516 -1
0.0003745115 -1 0 0.25 -2 -1 -0.7096 -1
0.1717068 0 -1 0.5 0 1 -0.1027 -1
0.003614873 0 0 0.25 0 0 -0.4404 -1
0.7229356 0 0 0.5 0 0 0 0
0.5 1 -1 0.5 0 1 0 0
0.0003699501 1 -1 0.75 -3 1 -0.8129 -1
0.006197572 -1 0 0.25 -2 -1 -0.4877 -1
0.0002986042 -1 -1 0.25 -2 -1 -0.5898 -1
0.8306093 1 0 0.75 0 1 0.6476 1
0.5 0 0 0.5 0 0 0 0
0.5 -1 -1 0.25 -1 0 0 0
8.310088e-05 0 -1 0.25 0 1 -0.6249 -1
0.0006432367 0 -1 0.25 0 1 0.0772 -1
0.9209791 1 -1 0.75 1 1 0.8044 0
0.003107647 1 -1 0.75 -1 1 0.4576 -1
0.001699622 -1 -1 0.5 0 1 -0.5423 -1
0.05536116 0 1 0.25 1 1 0 -1
0.0005146699 -1 -1 0.5 -1 -1 -0.7506 -1
0.000179879 0 -1 0 -2 0 -0.3164 -1
0.01445737 -1 -1 0.25 -1 -1 -0.4404 -1
8.133985e-05 -1 -1 0.25 0 -1 -0.1348 -1
0.5 -1 -1 0 -2 -1 0 -1
0.002723293 1 -1 0.25 0 0 0 -1
0.004426922 0 -1 0.25 2 1 0.5067 0
0.8940698 0 -1 0.5 0 1 0.4588 0
0.9469992 1 -1 0.5 -1 1 0.34 0
0.9987877 1 -1 0.75 1 1 0.8516 1
0.0005539264 -1 0 0.25 -3 -1 -0.7351 -1
0.1533837 1 -1 0.75 1 1 0.8091 -1
0.5 0 0 0.5 0 0 0 0
0.8014128 1 -1 0.5 0 0 0.2023 0
0.9471337 -1 1 0.75 2 1 0.4926 1
0.001155874 1 -1 0.5 -1 1 0.6256 -1
0.0003138342 -1 -1 0.25 -1 -1 -0.5994 -1
0.5 0 -1 0.5 -1 1 0 0
0.8401749 0 1 0.75 1 0 0.5267 0
0.0006794355 0 -1 0.25 -1 0 0.2808 -1
9.250034e-05 -1 -1 0.25 0 -1 -0.3818 -1
0.003710035 0 0 0.25 -1 0 0.3412 -1
0.00747812 0 -1 0.75 0 0 -0.4404 -1
0.006839505 0 -1 0.25 -1 1 -0.6249 -1
0.1647937 0 -1 0.25 3 0 0.5411 -1
0.04865982 -1 -1 0 -3 -1 -0.7667 -1
0.5 -1 0 0.25 -1 1 -0.2263 0
0.5 0 -1 0.5 0 0 0 0
0.9846541 0 1 0.75 1 1 0.4404 0
0.5 0 -1 0.5 0 0 0 0
0.82155 0 -1 0.5 0 0 0 0
0.01324723 -1 0 0.25 -1 -1 -0.2225 0
0.5 0 -1 0.5 1 1 0 0
0.5 0 -1 0.5 0 0 0 0
0.5 1 0 0.5 0 1 0 0
0.03306218 -1 -1 0 0 -1 0.6621 -1
0.5 0 0 0.5 0 0 0 0
0.9868827 0 -1 0.25 0 1 0.6486 0
0.8017959 -1 1 0.5 0 -1 -0.4724 1
0.7451914 1 0 0.5 1 1 0.5349 1
0.5 1 1 1 1 1 0 0
0.7788683 1 -1 0.5 0 1 0.34 0
0.5 0 0 0.5 0 1 0 0
0.5 0 0 0.75 0 1 0 0
0.5 0 -1 0.5 0 1 0 0
0.7465943 1 0 0.75 3 1 0.6239 1
0.5 0 1 0.5 1 1 0 0
0.2449351 0 0 0.5 1 0 0.3544 0
0.9510757 0 -1 0.5 1 0 0.5473 1
0.7216517 1 -1 0.5 1 1 0.4738 1
0.9911225 1 1 0.75 1 1 0.908 1
0.00347949 -1 -1 0.25 0 -1 -0.5994 -1
0.1685573 -1 0 0.25 -3 1 -0.6705 0
0.1557389 0 -1 0.75 -1 0 -0.6757 0
0.04431473 -1 0 0 -1 -1 -0.7096 0
0.206421 1 1 0.75 1 1 0.5719 1
0.9629541 1 1 1 2 1 0.6249 0
0.5 0 -1 0 0 1 0 0
0.5 0 0 0.75 0 1 0 0
0.7940847 0 0 0.5 1 0 0.368 1
0.5 0 -1 0.5 1 -1 0 0
0.03558391 -1 -1 0.75 -1 -1 -0.2354 0
0.5 0 -1 0.75 0 -1 0.3612 0
0.8348333 0 -1 0.5 1 1 0.4574 0
0.5 0 -1 0.5 0 0 0 0
0.5 0 0 0.5 0 0 0 0
0.8415776 0 0 0.25 1 1 0.7206 0
0.9987628 1 -1 1 2 1 0.875 1
0.1966229 0 0 0.5 0 0 0.0772 0
0.1445733 1 -1 0.25 0 1 -0.0857 -1
0.1400072 1 -1 0.25 0 0 -0.4276 1
0.9057328 1 -1 0.25 1 1 0.1754 1
0.5 0 -1 0 1 1 0 -1
0.9321355 1 0 0.5 1 0 0 0
0.5 0 0 0.5 0 0 0 0
0.9100313 1 0 1 1 1 0.4389 0
0.8219255 0 0 1 1 0 0 1
0.8986583 1 -1 0.75 3 1 0.5696 1
0.692945 1 1 0.75 0 1 0.5399 1
0.7957905 -1 1 0.5 -1 -1 -0.1027 0
0.2293691 -1 0 0 0 -1 -0.3612 0
0.5 0 1 0.75 0 1 0.296 0
0.7468507 1 1 0.75 2 1 0.658 1
0.8876282 1 -1 0.25 2 1 0.7089 0
0.1789083 0 0 0.5 1 0 0.25 0
0.7873698 1 -1 0.5 1 1 0.3348 0
0.89026 1 -1 0.5 1 1 0.3572 -1
0.5 0 -1 0.75 0 1 0 0
0.9187413 0 -1 0.75 0 0 0.4019 0
0.5 -1 0 0.5 1 0 0 0
0.5 1 0 0.75 1 0 0.3382 0
0.7614937 1 -1 0.75 1 1 0.4404 0
0.5 0 -1 0.5 0 0 0 0
0.07125257 -1 1 0.5 -2 1 0.3919 1
0.5 0 -1 0.5 2 0 0.5067 0
0.9356241 -1 -1 0.5 0 -1 0.1531 0
0.839674 1 -1 0.75 0 1 0.3182 0
0.5 0 -1 0.5 1 1 0 0
0.1090523 0 -1 0.25 -1 -1 0.0382 -1
0.9524563 1 -1 0.75 0 1 0.7906 0
0.5 0 -1 0.75 0 1 0.0772 0
0.7927956 1 0 0.75 1 1 0.6467 0
0.2882994 1 -1 0.75 1 1 0.6124 0
0.5 0 -1 0.5 0 0 0 0
0.2464088 0 -1 0.5 0 0 0 0
0.03387028 0 0 0.5 0 0 0 0
0.1106463 -1 -1 0 0 -1 0 -1
0.5 0 0 0.5 0 -1 -0.0258 1
0.803241 -1 -1 0.25 -2 1 0.5255 0
0.09230526 -1 -1 0.5 0 -1 -0.7003 0
0.2139791 -1 -1 0.75 -2 0 -0.3182 0
0.940005 1 -1 1 1 1 0.8176 0
0.9662879 1 1 1 3 1 0.9133 1
0.9886824 0 -1 0.75 0 1 0.7845 0
0.9986083 1 1 1 2 1 0.9348 1
0.9854819 1 1 0.75 0 1 0.7845 0
0.5 0 -1 0.5 0 1 0 0
0.8430524 0 -1 1 1 -1 0 0
0.5 -1 -1 0.5 0 -1 0.296 0
0.997518 1 -1 0.75 1 1 0.6808 0
0.5 0 1 0.5 1 0 0.4753 0
0.9428235 1 0 0.75 1 1 0.6369 0
0.2463077 -1 -1 0.25 0 -1 -0.3595 0
0.772787 1 -1 0.5 1 -1 0.4574 0
0.9964226 1 1 0.5 2 1 0.7579 0
0.844834 1 -1 1 2 1 0.6988 0
0.04248973 1 0 0.5 -1 0 -0.4003 0
0.5 0 0 0.5 1 1 0 0
0.7857081 -1 -1 0.75 0 -1 0.2263 1
0.5 -1 -1 0.25 0 1 0 0
0.9994667 1 -1 0.75 3 1 0.8268 1
0.5 0 1 0.75 0 0 0 0
0.9938516 1 1 0.75 2 1 0.826 1
0.83877 1 1 0.75 1 1 0.4404 0
0.9641005 1 1 0.75 2 1 0.6705 1
0.9779001 1 0 1 -1 1 0 0
0.5 1 1 0.75 0 1 0.4215 0
0.07252617 -1 1 0.25 -1 -1 -0.6249 0
0.7922669 1 0 0.75 0 1 0 0
0.7766183 1 -1 0.5 0 1 0.7603 0
0.1034646 -1 0 0 -2 -1 -0.5423 0
0.1507926 0 -1 0.75 3 1 0.6467 0
0.5 0 0 0.5 0 0 0 0
0.5 0 0 0.5 0 0 0 0
0.8724079 0 -1 0.75 0 1 0.3612 0
0.7935931 0 -1 0.25 0 -1 0 0
0.9940762 1 1 0.75 2 1 0.7964 1
0.900466 1 -1 0.75 1 1 0.6605 1
0.01828867 -1 0 0.25 -1 -1 -0.5423 0
0.1435543 0 0 0.75 2 0 0.8513 0
0.5 1 0 0.75 1 1 0.636 1
0.5 0 -1 0.5 0 0 0 0
0.5 -1 -1 0.25 0 1 -0.3182 0
0.07632526 0 -1 1 0 -1 0.7229 0
0.5 1 1 0.5 1 1 0.3612 0
0.5 0 1 0.75 1 1 0 0
0.1170858 0 -1 0.5 0 0 -0.3612 0
0.9734117 -1 0 0.75 0 1 0.4019 0
0.8506778 -1 -1 0.5 0 -1 -0.4767 0
0.927584 1 1 0.75 3 1 0.9182 1
0.5 0 -1 0.5 1 0 0 -1
0.9524796 1 -1 1 0 1 0.765 0
0.86901 0 -1 0 -2 -1 -0.5599 0
0.07075514 -1 -1 0.25 -2 -1 -0.7717 0
0.5 0 0 0.5 0 0 0 0
0.9986683 1 1 1 2 1 0.6249 1
0.2524037 0 -1 0.75 0 -1 -0.1027 0
0.8486145 1 1 0.75 2 1 0.6572 0
0.5 1 -1 1 0 1 0 0
0.8714022 1 -1 0.5 0 1 0 0
0.02430573 -1 -1 0.25 -1 -1 -0.6486 0
0.9132645 0 -1 0.75 1 0 0.7184 0
0.5 0 -1 0.5 0 0 0 0
0.8375508 1 -1 0.75 0 1 0.5423 0
0.5 0 1 0.5 0 1 0 0
0.9989259 1 1 0.5 2 1 0.8016 1
0.5 1 1 0.5 0 1 0.657 0
0.9883334 1 1 0.75 1 1 0.7184 1
0.5 1 -1 0.75 -1 0 0.2023 0
0.6772389 1 -1 0.75 1 1 0.3612 1
0.8665912 1 0 0.75 1 1 0.3182 1
0.8382159 1 -1 0.5 0 1 0.6408 1
0.5 0 0 1 3 0 0 1
0.0008858124 -1 -1 0.5 -4 -1 -0.9388 -1
0.08051928 -1 -1 0.25 -2 1 -0.4767 0
0.2013298 1 -1 0.5 1 1 0.743 0
0.01149055 0 -1 0.5 0 -1 -0.4215 -1
0.07921037 0 -1 0.25 0 -1 -0.2523 0
0.01264827 -1 -1 0.75 -1 1 0.5837 0
0.5 0 -1 0.5 0 0 0 0
0.07937746 0 -1 0.75 1 0 0.296 1
0.9981488 1 1 0.75 3 1 0.831 1
0.1786761 -1 -1 1 2 -1 0.7783 1
0.8243781 0 0 0.75 1 0 0.4588 1
0.992282 1 1 0.75 1 1 0.7865 1
0.8570907 -1 -1 0.5 0 1 0.5296 1
0.9310227 1 1 0.75 1 1 0.743 1
0.7660022 0 -1 0.75 1 0 0.4588 1
0.5 -1 -1 0.25 -1 -1 -0.5994 0
0.8581571 1 0 0.75 2 1 0.5983 0
0.8716457 1 -1 0.75 0 1 0.2023 0
0.9035941 0 1 0.75 1 0 0.8316 1
0.8196628 1 1 0.75 2 1 0.6705 1
0.7988952 1 0 1 2 1 0.8016 1
0.9472364 0 -1 1 2 -1 0.6166 1
0.8741555 0 0 0.5 0 0 0.5204 1
0.9200992 0 0 0.25 1 -1 0.7352 1
0.9217228 1 1 0.75 1 1 0.5093 1
0.9349386 -1 0 0.25 1 -1 0.4588 1
0.0107695 -1 -1 0.25 -3 -1 -0.6597 0
0.02041779 -1 -1 0.75 0 -1 -0.296 0
0.89086 0 -1 0.75 1 0 0.471 1
0.237526 0 -1 0.5 1 0 -0.357 1
0.9625992 0 0 0.75 1 0 0.555 1
0.9552732 1 0 1 0 1 0.802 1
0.9622517 1 1 0.75 2 1 0.7424 1
0.8992447 1 -1 0.75 2 1 0.6705 0
0.9879757 1 1 0.75 1 1 0.7906 0
0.8707665 0 0 0.75 1 0 0.5093 1
0.9305295 1 1 1 2 1 0 1
0.9944616 1 1 1 2 1 0.9259 1
0.7848439 1 1 0.75 1 1 0.9147 1
0.764236 0 -1 0.75 1 1 0.6808 1
0.5 -1 1 0.25 0 1 0 0
0.9752798 1 0 0.75 2 1 0.7906 0
0.9999918 1 1 0.75 2 1 0.9769 1
0.9721541 1 1 0.25 3 1 0.8745 1
0.01399787 -1 0 0.25 1 -1 0.184 1
0.9981506 1 1 0.75 4 1 0.9671 1
0.8673872 1 -1 0.75 2 1 0.9358 1
0.8240058 0 1 0.75 1 0 0.7378 0
0.8432187 0 0 0.75 1 0 0.5093 1
0.5 0 0 0.5 0 0 0 0
0.8805462 0 -1 0.25 1 1 0.4939 1
0.8921615 0 0 0.75 0 1 0.5423 1
0.5 0 1 0.75 1 1 0 1
0.1442454 0 -1 0.25 2 1 0.4753 1
0.879224 1 1 1 2 1 0.8126 1
0.2399144 1 0 0.75 1 1 0.5514 0
0.2446533 -1 -1 0.5 0 -1 0.8409 1
0.8964311 0 -1 0.75 1 0 0.7269 0
0.9738836 0 -1 0.75 1 0 0.4588 1
0.9811099 1 -1 1 3 1 0.9353 1
0.7841101 0 0 0.75 1 1 0.4588 0
0.8063118 0 -1 0.75 1 0 0.8862 1
0.9558163 0 -1 0.75 2 0 0.6514 1
0.8862402 0 1 0.75 1 0 0.3802 1
0.9030837 0 1 0.75 1 -1 0.8679 1
0.9794314 0 0 0.75 1 0 0.555 1
0.9351193 0 0 0.75 2 1 0.4588 1
0.1264256 0 0 0.5 -1 1 0.7525 1
0.05414185 0 -1 0.25 0 -1 0.4767 0
0.94189 1 1 0.75 1 1 0.6124 1
0.5 0 -1 0.5 0 0 0 0
0.1193393 -1 0 0.75 2 -1 -0.1779 1
0.8550164 1 1 0.75 2 1 0.6697 1
0.07917705 1 -1 0.75 3 1 0.8023 1
0.7863957 0 -1 0.5 0 1 0.25 0
0.7377275 0 0 1 1 0 0 1
0.990952 1 1 0.75 3 1 0.8953 1
0.7452377 1 -1 0.75 1 1 0.5399 -1
0.5 -1 -1 1 -2 -1 0 1
0.9088105 1 1 0.75 -1 0 0.886 1
0.8423778 0 0 0.75 0 1 0.6239 0
0.1842061 0 1 0.5 0 -1 0 0
0.07584644 0 1 0.25 0 -1 0 0
0.9982708 1 -1 0.75 1 1 0.9609 1
0.2130132 0 1 0.5 -1 0 0.7003 -1
0.9551463 1 0 0.75 1 1 0.7096 1
0.8291184 0 -1 0.75 -2 -1 0.7378 1
0.1789523 0 -1 1 1 0 -0.3595 1
0.203038 -1 -1 0.75 1 -1 0.7969 0
0.9803945 1 1 0.75 1 1 0.5859 1
0.9688685 0 -1 0.5 1 1 0.8286 1
0.9809253 0 1 0.75 2 0 0.5093 1
0.9854989 1 1 0.75 2 1 0.891 1
0.9993155 1 0 0.75 2 1 0.9628 1
0.2262119 1 1 0.75 3 1 0.8614 1
0.9333253 1 -1 0.75 2 1 0.8249 1
0.9743541 0 -1 0.75 2 1 0.7759 1
0.9323092 1 -1 1 3 1 0.69 1
0.9953013 1 0 0.75 2 1 0.9287 1
0.5 1 1 0.75 2 1 0 1
0.9809876 0 0 0.75 1 0 0.6514 1
0.9923314 1 -1 0.5 2 1 0.8594 0
0.9965967 1 1 0.75 1 1 0.8271 1
0.9105096 1 -1 0.75 2 1 0.6331 1
0.9809437 0 1 0.75 1 1 0.8038 0
0.006542589 -1 -1 0.25 -1 -1 -0.4775 0
0.787607 1 0 0.25 2 1 -0.223 1
0.8710272 1 1 1 3 1 0.8122 1
0.9841625 1 1 0.75 2 1 0.8494 1
0.5 0 -1 0.75 0 0 0 0
0.07476616 1 0 0.25 1 1 0.4939 1
0.8504617 1 -1 0.75 0 1 0.3818 0
0.8868478 1 0 0.75 1 1 0.6705 1
0.9996036 1 -1 0.75 2 1 0.9246 1
0.9843352 1 0 1 3 1 0.8663 1
0.8371644 1 -1 0.75 2 1 0.7251 0
0.05078072 0 -1 0.25 -2 0 -0.0892 0
0.753576 0 0 0.75 1 1 0.2023 0
0.9638828 1 1 0.75 4 1 0.8461 1
0.9678466 0 0 0.75 1 1 0.6369 1
0.9503256 1 -1 0.75 3 1 0.8416 1
0.9832944 1 1 0.75 2 1 0.8728 1
0.7573178 0 0 0.75 1 0 0.4588 1
0.784833 -1 -1 0.75 1 1 0.8807 0
0.5 0 0 0.75 1 0 0.2851 0
0.03150553 0 0 0.75 0 -1 0.0258 0
0.163353 0 0 0.75 1 -1 0.296 1
0.04307768 0 -1 0.25 -1 -1 -0.1531 0
0.1862663 -1 0 0.75 1 -1 0.3939 0
0.9997056 1 1 0.75 2 1 0.9313 1
0.1831116 0 1 0.75 2 0 0.3802 1
0.747775 0 1 0.75 1 1 0.5562 1
0.9996497 1 0 0.75 2 1 0.8834 1
0.9314953 -1 1 0.5 0 0 0.4404 0
0.2485081 0 1 0.75 0 1 0.8953 1
0.9270973 1 1 0.75 0 1 0.802 1
0.9740934 1 1 1 1 1 0.8494 1
0.9983746 0 0 0.75 1 1 0.7925 1
0.9656902 1 -1 0 0 0 0.5423 0
0.09947689 -1 1 0.5 1 0 0.6597 0
0.04005721 0 -1 0.5 1 0 0.4588 0
0.9936413 1 1 0.75 3 1 0.9504 1
0.765784 0 0 0.75 1 1 0.3939 0
0.9910442 1 0 1 3 1 0.8588 1
0.9522662 1 -1 0.75 1 1 0.7964 1
0.2070587 1 0 0.75 1 1 0.8816 0
0.04813783 -1 -1 0.75 -1 -1 0.4084 0
0.9138387 1 1 0.75 1 1 0.6597 1
0.8558346 0 1 0.5 0 0 0.8764 1
0.5 0 -1 0.75 1 0 0 1
0.9992743 1 -1 1 2 1 0.9536 1
0.7531605 0 0 0.75 1 0 0.4588 1
0.9821235 1 1 0.75 3 1 0.9252 1
0.993725 1 1 0.75 2 1 0.9278 1
0.9039391 0 0 0.75 1 0 0.6166 0
0.2329483 0 -1 0.75 1 0 0.5411 0
0.1092676 -1 -1 0.25 0 -1 -0.128 0
0.1980969 0 0 0.75 0 0 0 1
0.9518605 1 1 0.75 1 1 0.5859 1
0.02282648 1 -1 0.25 0 -1 -0.787 1
0.963216 1 1 0.75 1 -1 0.636 1
0.9919701 1 1 1 3 1 0.9307 1
0.1437318 0 0 0.5 1 1 0.5688 1
0.23926 0 -1 0.25 -1 1 -0.362 1
0.01856223 -1 0 0.75 1 -1 0.6583 1
0.99451 1 1 1 2 1 0.7269 1
0.2326051 0 -1 0.75 2 0 0 1
0.956138 1 1 1 3 1 0.9039 1
0.9892723 1 0 0.25 2 1 0.7642 1
0.9629036 1 0 0.75 1 1 0.8964 1
