0.005186664 -1 0 0.75 -1 -1 -0.4404 -1
0.1715504 -1 -1 0.5 -1 -1 0.4767 -1
0.09335576 -1 -1 0 -2 -1 -0.4767 -1
0.03049602 -1 -1 0.75 -1 -1 -0.3612 -1
0.1881879 0 0 0.5 1 -1 0 -1
0.2289513 0 -1 0 0 -1 -0.6588 -1
0.980224 1 1 0.75 1 1 0.91 -1
0.06888465 0 -1 0.75 0 -1 0.4847 -1
0.8883847 -1 -1 0.25 -3 1 0.1494 -1
0.2214388 1 -1 0 0 1 -0.5267 -1
0.8701387 1 -1 1 0 1 0 -1
0.7679813 -1 -1 0.75 -1 -1 0 -1
0.7625259 1 -1 0.5 2 1 0.6369 -1
0.5 0 -1 0.5 0 0 0 -1
0.2453733 0 -1 0.5 0 1 0 -1
0.2454581 0 -1 0.25 -1 0 -0.3182 -1
0.04852314 0 -1 0.75 -1 -1 0.1779 -1
0.5 0 -1 0.5 0 0 0 -1
0.5 0 -1 0.5 0 0 0 -1
0.3105646 -1 -1 0.25 -1 -1 -0.6514 -1
0.7994661 0 -1 0.5 1 1 0.3818 -1
0.8833797 0 -1 0.5 1 0 0.0772 -1
0.5 0 0 0.5 0 0 0 -1
0.5 0 -1 0 -2 -1 0 -1
0.5 0 0 0.5 0 0 0 -1
0.814745 0 -1 0.5 0 1 0.3818 -1
0.5 0 -1 0.5 0 0 0 -1
0.9278108 1 0 0.75 1 1 0.6124 -1
0.8502782 1 -1 0.25 2 1 -0.7881 -1
0.5 0 -1 0.5 0 0 0 0
0.5 0 -1 0.5 0 0 0 -1
0.8456013 0 0 0.75 -1 0 0.1531 -1
0.1409566 -1 0 0.5 -2 -1 -0.4019 -1
0.9062647 -1 -1 0.5 1 -1 0.5502 -1
0.189928 -1 -1 0.25 -2 -1 -0.5106 -1
0.5 -1 -1 0.25 -1 -1 0 -1
0.2062557 0 -1 0.75 0 1 0 -1
0.08672974 -1 -1 0.25 -1 -1 -0.4019 -1
0.2140099 -1 -1 0.25 -1 -1 -0.4404 -1
0.1393116 -1 -1 0.25 -2 -1 -0.4019 -1
0.9596848 0 0 0.75 2 1 0.4926 -1
0.8850783 1 -1 0.75 0 1 0.7184 -1
0.5 -1 -1 0.25 -1 -1 -0.3612 -1
0.5 0 -1 0.5 0 0 0 -1
0.5 0 0 0.5 0 -1 0 -1
0.7951148 0 1 0.75 1 1 0.25 -1
0.08659358 -1 -1 0 -2 -1 -0.4927 -1
0.5 0 -1 0.5 0 -1 -0.3182 -1
0.5 0 0 0.25 0 0 0 -1
0.1263068 -1 -1 0.5 1 0 -0.5255 -1
0.5 0 0 0.5 0 1 0 -1
0.1216181 -1 -1 0.25 -1 -1 -0.1779 -1
0.1176564 0 -1 0.5 0 0 0 -1
0.1862405 0 -1 0.75 2 1 0.6124 -1
0.1265829 -1 -1 0.75 0 1 -0.2235 -1
0.8214074 1 1 1 2 1 0.6369 -1
0.5 0 0 0.5 1 0 0 -1
0.5 -1 -1 0.25 0 -1 0 -1
0.5 0 -1 0.25 0 0 0 -1
0.9489297 1 0 0.75 0 1 0.6908 -1
0.5 -1 -1 0.25 -2 -1 -0.4767 -1
0.1369983 -1 -1 0.25 -1 -1 -0.5267 -1
0.04828106 0 -1 0.5 0 0 0 -1
0.5 -1 0 0.25 -1 -1 0 -1
0.5 0 0 0.5 0 0 0 -1
0.1856624 1 0 0.75 1 1 0.3612 -1
0.2530853 0 -1 0.5 0 0 0 -1
0.5 1 -1 0.5 1 1 0.3612 -1
0.5 0 1 0.5 0 0 0 -1
0.1555421 0 0 0.25 2 1 -0.2746 -1
0.03373465 -1 -1 0.25 -2 -1 -0.6932 -1
0.04848996 -1 -1 0.25 -2 -1 -0.4404 -1
0.5 -1 0 0.5 -1 -1 0.0258 -1
0.13108 0 -1 0.5 0 -1 -0.0772 -1
0.5 0 0 0.5 0 0 0 -1
0.03792051 -1 -1 0.25 0 -1 -0.6588 -1
0.003847822 -1 -1 0 -2 -1 -0.6597 -1
0.9694942 1 1 0.5 -2 1 0.8057 -1
0.5 0 -1 0.5 0 1 -0.296 -1
0.8301513 0 0 0.75 0 0 0.0772 -1
0.8915111 0 0 0.5 1 0 0.5473 -1
0.03672449 0 -1 0.25 1 0 -0.7518 -1
0.1613036 0 0 0.5 1 0 0 -1
0.9202868 1 -1 0.5 2 1 0.6808 -1
0.9331871 1 -1 0.75 0 1 0.6344 -1
0.2643441 0 -1 0.25 0 0 0 -1
0.7533229 -1 -1 0.75 -1 -1 0 -1
0.01638346 -1 -1 0.75 -1 -1 -0.6218 -1
0.5 0 0 0.5 0 0 0 -1
0.2693763 1 -1 0.75 1 1 0.7088 -1
0.2547051 -1 -1 0.25 -1 -1 0 -1
0.5 0 0 0.5 0 0 0 -1
0.9157533 0 -1 0.5 1 0 0.2023 -1
0.1871925 0 -1 0.25 -1 -1 -0.34 -1
0.082675 -1 -1 0.25 -2 -1 -0.5106 -1
0.08507812 -1 -1 0.25 -1 -1 0.34 -1
0.1599501 -1 -1 0.25 -1 1 0.0772 -1
0.8508917 0 0 0.5 1 0 0.3612 -1
0.2237424 0 -1 1 -1 -1 -0.296 -1
0.849501 1 -1 0.75 1 1 0.5319 -1
0.8235009 0 -1 0.5 0 1 0.4939 -1
0.5 -1 -1 0.25 0 -1 0 -1
0.5 -1 0 0.5 0 -1 0 0
0.0306343 1 -1 0.25 -2 1 -0.6381 -1
0.8702151 0 -1 0.5 0 0 0.34 -1
0.8602647 1 -1 0.5 1 1 0.6908 -1
0.5 0 -1 0.25 0 0 0 -1
0.5 0 -1 0.5 0 1 0 -1
0.5 -1 0 0.25 0 -1 0 -1
0.5 0 -1 0.5 0 0 0 -1
0.08889016 0 -1 0.25 0 1 -0.4019 -1
0.04712093 -1 -1 0.25 0 -1 -0.1779 -1
0.1490643 0 0 0.25 0 0 0.0516 -1
0.5 1 -1 0.75 1 1 0.6928 -1
0.9267826 1 -1 0.5 0 1 -0.128 -1
0.2243218 0 -1 0.5 -1 -1 0 -1
0.8295249 1 -1 0.5 -1 0 0 -1
0.807096 -1 -1 0 -1 -1 -0.6705 -1
0.04692753 -1 -1 0.25 1 1 -0.0516 -1
0.8448916 1 0 0.75 -1 1 0.5106 -1
0.5 0 0 0.5 0 0 0 -1
0.5 0 -1 0.5 0 0 0.296 -1
0.5 0 -1 0.25 0 1 0.34 -1
0.1694523 0 -1 0.5 0 -1 0.6353 -1
0.5 0 0 0.5 0 0 0 -1
0.5 -1 -1 0.25 -2 -1 -0.4767 -1
0.5 -1 1 0.5 -2 -1 0 -1
0.7794853 -1 -1 0.75 -2 -1 -0.5267 -1
0.5 -1 -1 0.25 -1 0 0 -1
0.7987241 -1 1 0.25 -1 -1 0.0772 -1
0.7608995 1 -1 0.25 0 1 0 -1
0.2175606 -1 -1 0.25 0 -1 0 -1
0.0909683 -1 -1 0.5 -2 -1 0.2537 -1
0.1479955 -1 -1 0.75 -1 -1 -0.34 -1
0.5 0 -1 0.25 -1 0 0 -1
0.04944571 -1 -1 0.25 -3 -1 -0.4939 -1
0.5 0 -1 0.5 0 0 0 -1
0.04839194 -1 -1 0.5 -1 -1 -0.5719 -1
0.1435253 -1 -1 0 0 -1 0 -1
0.8203966 0 -1 0.75 0 0 -0.128 -1
0.5 0 0 0.5 0 0 0 -1
0.5 -1 -1 0.75 -1 0 0 -1
0.5 0 0 0.5 0 -1 0 -1
0.0700207 0 0 0.25 0 -1 -0.296 -1
0.5 0 0 0.5 1 0 0 -1
0.2411355 0 0 0.25 0 -1 -0.2732 -1
0.08090562 1 -1 0.25 0 1 0 -1
0.1223211 0 0 0.25 -1 -1 -0.5382 -1
0.2411355 0 0 0.25 0 -1 -0.2732 -1
0.5 0 0 0.5 0 -1 0 -1
0.8283364 -1 -1 0.25 -1 -1 -0.3612 -1
0.2474128 -1 0 0.25 -1 -1 -0.4137 -1
0.5 0 0 0.5 0 0 0 -1
0.5 -1 -1 0 -2 -1 -0.3818 -1
0.9777078 -1 -1 0.75 0 0 0.6174 -1
0.04536864 -1 -1 0 -2 -1 -0.7184 -1
0.5 0 -1 0.5 0 0 0 -1
0.2020152 0 -1 0.25 0 -1 -0.296 -1
0.7893577 0 -1 0.5 0 0 0 -1
0.07916804 1 -1 0 -2 -1 -0.4574 -1
0.8368183 -1 -1 0.5 -1 1 0.0516 -1
0.7865988 0 -1 0.75 0 1 0.3612 -1
0.0933106 0 0 0.5 2 0 0.4199 -1
0.9626455 1 -1 0.5 0 1 0.6872 -1
0.236401 -1 0 0.5 1 -1 -0.3578 -1
0.5 -1 1 0 -1 -1 -0.5574 -1
0.5 0 -1 0.25 0 0 0 -1
0.03369118 -1 -1 0.25 -2 -1 -0.7717 -1
0.2330919 -1 -1 0.25 -3 -1 -0.4201 -1
0.105836 1 -1 0 0 -1 -0.3818 -1
0.5 -1 -1 0.5 0 -1 0.1431 -1
0.9522185 0 -1 0.25 -1 -1 0.3818 -1
0.1867938 0 -1 0.5 0 1 0.1027 -1
0.825028 -1 -1 0.25 -2 -1 -0.4019 -1
0.8468324 0 -1 0.5 1 1 -0.4738 -1
0.08025157 1 -1 0.75 0 1 0 -1
0.2411355 0 0 0.25 0 -1 -0.2732 -1
0.2637798 0 -1 0.5 0 0 0 -1
0.5 0 -1 0.5 0 0 0 -1
0.7865988 0 -1 0.75 0 1 0.3612 -1
2.575959e-05 0 1 0.5 -1 -1 -0.8868 -1
0.07599062 -1 -1 0.25 -1 0 -0.6369 -1
0.1098627 0 -1 0.5 -1 0 -0.4865 -1
0.5 0 -1 0.5 0 -1 0 -1
0.5 0 -1 0.5 0 0 0 -1
0.8398137 0 0 0.5 1 1 0.3382 -1
0.9429247 1 0 0.75 1 1 -0.5875 -1
0.5 -1 -1 0.75 0 -1 0 -1
0.8082804 0 -1 0.75 1 1 0.3612 -1
0.2546725 -1 -1 0.25 1 1 0.4939 -1
0.1436587 -1 -1 0.25 -3 -1 -0.4939 -1
0.1576239 -1 -1 0.25 1 -1 -0.3182 -1
0.5 0 -1 0.75 0 0 0 -1
0.1032637 0 -1 0 -2 -1 -0.4576 -1
0.01222182 -1 -1 0.75 0 -1 -0.3254 -1
0.5 0 1 0.5 0 1 0 -1
0.5 0 0 0.75 0 0 0 -1
0.119346 -1 0 0 1 -1 -0.6597 -1
0.5 0 -1 0.25 0 0 0 -1
0.5 0 -1 0.5 0 1 0 -1
0.2447828 0 0 0.5 0 0 0.1027 -1
0.01668423 -1 -1 0.75 0 -1 -0.3519 -1
0.2405017 -1 -1 0.75 1 0 -0.1531 -1
0.01158997 -1 -1 0.25 -3 -1 -0.659 -1
0.5 0 0 0.5 2 0 0 -1
0.05007598 0 0 0.25 -2 -1 0 -1
0.1708568 -1 1 0.75 1 0 -0.1531 -1
0.9850297 0 0 0.5 1 0 0.7184 -1
0.992856 1 -1 0.75 2 1 0.7627 -1
0.0480191 0 -1 0.75 0 0 -0.2808 -1
0.2342276 0 -1 0.5 0 0 0 -1
0.260292 0 -1 0.75 1 1 0.4767 -1
0.251927 -1 -1 0.5 1 -1 -0.1759 -1
0.5 0 -1 0.5 0 1 0 -1
0.07320245 -1 -1 0.25 -3 -1 -0.5719 -1
0.7888136 1 -1 1 0 1 0.6369 -1
0.5 0 -1 0.5 -1 -1 -0.1027 -1
0.0277383 -1 -1 0.25 -1 -1 -0.8689 -1
0.8034229 0 0 0.25 -2 -1 -0.5994 -1
0.09801062 -1 -1 0.25 -2 -1 -0.5362 -1
0.9921701 1 0 0.75 2 1 0.7003 -1
0.8935503 1 0 0.75 -1 0 -0.128 -1
0.05668727 -1 -1 0.25 -2 -1 -0.3818 -1
0.9972868 1 -1 1 1 1 0.8625 -1
0.01399274 -1 -1 0.25 -1 -1 -0.5574 -1
0.262194 0 -1 0.5 0 0 0 -1
0.06183056 0 -1 0 -3 -1 -0.7584 -1
0.268485 -1 -1 0.25 0 -1 0 -1
0.8662253 -1 -1 0 -1 -1 -0.5423 -1
0.05044387 -1 -1 0.25 -3 -1 0 -1
8.292047e-05 -1 -1 0.25 -1 -1 -0.9081 -1
0.5 0 -1 0.25 1 1 0 -1
0.5 0 -1 0.25 0 0 0 -1
0.5 0 -1 0.25 1 1 0 -1
0.5 0 -1 0.5 0 1 0 -1
0.1358707 0 -1 0.75 -1 0 0.5859 -1
0.2233986 -1 -1 0 -1 0 0.3384 -1
0.08341311 0 -1 0.25 0 -1 0.296 -1
0.05544977 -1 -1 0.25 -2 -1 -0.4404 -1
0.5 0 -1 0.5 0 0 0 -1
0.07912088 0 -1 0.25 -2 0 -0.5859 -1
0.0547471 0 -1 0.75 -1 -1 0 -1
0.1326567 -1 -1 0.25 -2 -1 -0.34 -1
0.01654186 0 0 0.5 -1 0 -0.8471 -1
0.6793511 0 -1 0.5 0 0 0 -1
0.1470934 0 -1 0.5 -2 -1 0.4382 -1
0.5 0 -1 0.25 0 0 0 -1
0.9875664 0 0 0.75 2 0 0.624 -1
0.002016511 -1 -1 0.75 -2 -1 -0.6884 -1
0.5 0 0 0.25 0 1 0.2732 -1
0.02154194 -1 0 0.25 -1 -1 0.5216 -1
0.3060988 -1 -1 0.5 1 -1 0 -1
0.1997524 -1 -1 0.25 -1 -1 -0.5267 -1
0.1002932 1 0 1 -2 1 0.7579 -1
0.09840022 -1 -1 1 -2 -1 -0.7184 -1
0.5 0 -1 0.5 0 0 0 -1
0.7624738 1 -1 0.75 1 1 0.4738 -1
0.8148688 1 0 0.75 0 1 0.212 -1
0.1498132 -1 -1 0.25 0 -1 -0.4574 -1
0.8969236 -1 -1 0.25 -2 -1 -0.4019 -1
0.2854528 -1 -1 0.75 -1 1 -0.1531 -1
0.2237494 1 -1 0.75 1 1 0.6249 -1
0.1209561 -1 -1 0.25 -3 -1 -0.5106 0
0.2827845 0 0 0.5 0 1 0 -1
0.5 0 -1 0.5 1 0 0 -1
0.2526455 -1 0 0.5 0 -1 0 0
0.5 -1 -1 0 -3 -1 -0.7656 -1
0.8619762 0 -1 0.5 1 -1 0.5994 -1
0.2302072 -1 0 0.25 -3 -1 -0.5255 -1
0.8619762 0 -1 0.5 1 -1 0.5994 -1
0.1102238 -1 -1 0.5 -1 -1 -0.4767 -1
0.1375622 -1 0 0.25 0 -1 -0.5106 -1
0.5 1 -1 0.75 0 1 0 -1
0.2704558 1 -1 0.25 0 -1 0 -1
0.03148592 -1 -1 0.25 -3 -1 -0.784 -1
0.5 1 -1 0.75 1 1 0.3147 -1
0.5 -1 0 0.25 -2 -1 -0.5267 -1
0.5 1 -1 0.25 -1 -1 0 -1
0.5 0 -1 0.5 0 0 0 -1
0.5 0 0 0.5 0 0 0 -1
0.9707579 1 1 0.75 2 1 0.5093 -1
0.04536881 0 0 0.5 -2 -1 -0.5106 -1
0.5 -1 -1 0.25 -2 -1 0 -1
0.5 -1 -1 0.5 0 -1 0 -1
0.1184703 0 -1 0.5 0 1 -0.3875 -1
0.128329 0 -1 0.25 1 1 0.0772 -1
0.1147635 -1 -1 0 0 -1 -0.3612 -1
0.7658489 -1 -1 0.25 -2 -1 -0.6486 -1
0.02322752 -1 -1 0.25 0 -1 -0.3736 -1
0.5 0 -1 0.25 0 0 0 -1
0.1286182 0 0 0.25 -2 -1 -0.4404 -1
0.08546401 1 -1 0.75 -1 1 -0.2732 -1
0.9774894 1 1 0.75 -1 1 0.3612 -1
0.1243249 -1 -1 0.5 -1 0 0.296 -1
0.06217165 0 -1 0.5 0 -1 -0.2263 -1
0.5 0 -1 0.5 -1 0 0 -1
0.0322628 -1 -1 0.5 -1 -1 -0.5093 -1
0.8579279 1 -1 0.25 0 1 0.4215 -1
0.1053267 0 -1 0.25 -3 0 -0.6476 -1
0.5 0 -1 0.5 0 0 0 -1
0.1576479 0 -1 0.5 0 0 0 -1
0.7331539 -1 -1 0.5 -1 -1 0 -1
0.5 -1 0 0 -1 -1 0 -1
0.5 1 0 0.25 0 -1 -0.4588 0
0.5 1 -1 0.5 1 1 0.3612 -1
0.1811185 0 1 0.5 1 0 0 -1
0.1259727 -1 -1 0 -1 -1 -0.5965 -1
0.5 0 0 0.25 -2 -1 -0.6641 -1
0.03695158 1 -1 0.5 -1 -1 -0.8126 -1
0.07050419 -1 -1 1 -2 -1 -0.6124 -1
0.02054981 -1 -1 0.5 -1 -1 -0.5423 -1
0.0970752 -1 0 0.5 0 -1 0 -1
0.2671696 0 -1 0.5 1 0 0 -1
0.7652269 1 1 0.75 1 1 0.3987 -1
0.5 1 -1 0.5 1 1 0.3612 -1
0.9251427 1 -1 0.5 0 1 0.3612 -1
0.5 0 -1 0.25 0 -1 0 -1
0.5 0 -1 0.5 1 -1 0 -1
0.5 0 0 0.5 0 0 0 -1
0.818084 0 -1 0.75 0 0 -0.2924 -1
0.9116997 1 1 0.75 0 1 0.4215 -1
0.3016458 0 -1 0.25 -2 -1 -0.5994 -1
0.05293008 -1 -1 0.25 -1 -1 -0.3149 -1
0.05293008 -1 -1 0.25 -1 -1 -0.3149 -1
0.2507289 0 -1 0.5 0 0 0 -1
0.742033 1 -1 0.25 1 1 0.3612 -1
0.2415148 -1 0 0.25 -1 -1 -0.3182 -1
0.5 -1 -1 0.25 -2 -1 0 -1
0.2392637 1 -1 0 -2 1 -0.1531 -1
0.8815949 -1 -1 0.75 1 -1 0.5106 -1
0.16677 -1 -1 0.5 -2 -1 -0.4767 -1
0.770022 1 -1 0.75 1 1 0.4404 -1
0.5 0 0 0.5 0 -1 -0.296 -1
0.5 0 -1 0 0 0 0 -1
0.1574113 0 -1 0.25 -2 -1 -0.296 -1
0.05624751 -1 -1 0.25 -2 -1 -0.7003 -1
0.5 0 0 0.5 0 0 0 -1
0.1858346 -1 -1 0.5 -2 -1 -0.8105 -1
0.5 0 -1 0.5 0 -1 0 -1
0.02189554 -1 -1 0.25 -3 -1 -0.6908 -1
0.5 0 0 0.75 0 1 0 -1
0.5 0 0 0.5 0 -1 0 -1
0.5 0 -1 0.5 1 0 0 -1
0.2537694 -1 -1 0 0 -1 0 -1
0.1914589 0 0 0.25 -1 0 -0.2244 -1
0.01636027 -1 -1 0.25 -1 -1 -0.6369 -1
0.5 -1 0 0.5 -1 -1 -0.0516 -1
0.06094494 0 -1 0.25 -1 0 -0.5848 -1
0.2394708 1 -1 0.25 0 -1 -0.296 -1
0.8589501 1 -1 0.75 1 1 0.4215 -1
0.1406847 -1 1 0.25 -2 -1 -0.5267 -1
0.002675956 -1 -1 0.25 -2 -1 -0.5423 -1
0.1451005 1 -1 0.5 1 0 -0.4724 -1
0.9308985 1 1 0.75 1 1 0.5106 -1
0.1707635 1 -1 0.75 0 1 -0.296 -1
0.2476845 0 -1 0.5 0 0 -0.296 -1
0.9487255 1 -1 0.5 0 1 0.4215 0
0.5 1 -1 0.5 0 1 0.0772 -1
0.02463075 -1 0 0 -2 -1 -0.5994 -1
0.8724293 1 0 0.5 2 1 0.3311 -1
0.1365792 0 -1 0.25 0 0 0 -1
0.5 0 -1 0.75 0 0 0 -1
0.002747932 -1 -1 0.25 -4 -1 -0.6696 -1
0.2875102 1 -1 0.25 0 1 0.4404 -1
0.5 0 0 0.5 0 0 0 -1
0.5 1 0 0.75 0 1 0 -1
0.08893264 -1 -1 1 1 -1 0 -1
0.1837886 -1 -1 0.25 0 -1 0 -1
0.1923677 0 0 0.5 0 1 -0.3875 -1
0.5 0 1 0.5 0 0 0 -1
0.1405323 -1 -1 0.25 -2 -1 -0.5267 -1
0.7484196 1 -1 0.25 1 1 0.5473 -1
0.5 0 -1 0.5 -3 -1 -0.5267 -1
0.05594342 -1 -1 0.5 -1 -1 0.2411 -1
0.8934786 1 -1 0.75 1 1 0.3182 -1
0.2347563 -1 -1 0.25 -2 -1 -0.4939 -1
0.2917828 0 -1 0.5 1 1 -0.4782 -1
0.07260675 -1 -1 0.25 -1 -1 -0.3182 -1
0.5 0 -1 0.5 0 0 0 -1
0.5 -1 0 0.25 0 -1 0 -1
0.1831626 0 -1 0.5 1 1 -0.1877 -1
0.0002959309 1 -1 0.25 1 1 -0.2023 -1
0.5 0 0 0.5 2 0 -0.3595 -1
0.9397586 1 1 0.75 2 1 0.7845 -1
0.5 0 -1 0.5 0 0 0 0
0.03635995 -1 -1 0 -2 -1 -0.8481 -1
0.04481675 0 -1 0.25 -2 -1 -0.7964 -1
0.01434596 -1 -1 0.5 -1 -1 -0.1761 -1
0.2410485 -1 -1 0.5 -1 -1 0 0
0.01202163 -1 -1 0.25 -1 -1 -0.5994 -1
0.2214857 0 -1 0.5 0 0 0 -1
0.7520703 0 -1 0.5 1 -1 -0.2263 -1
0.5 0 -1 0.5 -1 1 0 -1
0.5 -1 0 0.5 0 0 0 -1
0.1931551 -1 -1 0.25 -2 -1 -0.6996 -1
0.07947445 -1 -1 0.25 -1 -1 -0.4767 -1
0.1900551 0 -1 0.5 0 0 0 -1
0.5 0 -1 0.5 0 1 0 -1
0.5 0 -1 0.75 3 1 0.3802 -1
0.08129725 -1 -1 0.5 -1 -1 0.4019 -1
0.0177251 -1 -1 0.25 -2 -1 0.1164 -1
0.0332131 -1 0 0 -2 -1 -0.5423 -1
0.9791611 1 -1 0.75 1 1 0.4588 -1
0.5 -1 -1 0.25 -2 -1 -0.6597 -1
0.5 0 -1 0.5 0 0 0 -1
0.1910315 -1 0 0.25 0 -1 0 -1
0.5 0 -1 0.5 1 0 0 -1
0.2299109 0 -1 0 0 0 0 -1
0.2099946 -1 -1 0.75 -2 -1 0.6647 -1
0.2669134 0 -1 0.5 0 0 0 -1
0.00141902 -1 0 0.25 -2 -1 -0.5423 -1
0.7595293 1 0 0.75 -2 -1 -0.5994 -1
0.04765506 0 -1 0.25 -2 -1 -0.6597 -1
0.5 -1 -1 0.25 -2 -1 0 -1
0.5 0 -1 0.5 -1 -1 0 0
0.05948938 -1 -1 0 -1 -1 -0.3804 -1
0.8165929 0 -1 0.5 -2 -1 -0.6486 -1
0.7897882 -1 0 0.25 -3 0 -0.128 -1
0.8714359 0 -1 0.25 0 -1 0 -1
0.9141863 1 -1 0.5 0 -1 0.2263 -1
0.5 1 -1 0.5 0 1 0.3612 -1
0.5 0 0 0.5 0 1 0 -1
0.156387 0 -1 0.25 -1 -1 -0.3612 -1
0.5 0 0 0.5 -1 -1 0 -1
0.5 0 -1 0.5 -1 0 0 -1
0.6970919 0 -1 0.5 0 0 0 -1
0.02956668 0 -1 0.25 -4 1 -0.5255 -1
0.5 0 -1 0.5 0 0 0.1027 -1
0.5 0 1 0.5 1 1 0 -1
0.1774114 0 0 0.5 0 0 0 -1
0.5 0 -1 0.25 1 1 -0.308 -1
0.8684313 0 -1 0.75 0 0 0.4019 -1
0.5 0 -1 0.5 1 0 0.6616 -1
0.106878 -1 0 0.25 -1 -1 -0.6908 -1
0.03405302 -1 0 0.5 0 -1 -0.264 -1
0.105082 0 -1 0.75 -2 0 -0.128 -1
0.9883932 1 -1 0.75 0 1 0.4588 -1
0.800193 -1 -1 0.25 -1 -1 0 -1
0.7547859 -1 1 0.25 -2 0 -0.4404 -1
0.000326066 0 -1 0.25 -1 -1 -0.5106 -1
0.01177557 -1 -1 0.25 1 -1 -0.366 -1
0.5 1 0 0.75 0 1 0 -1
0.08156669 0 1 0.75 -1 0 -0.3336 -1
0.2227968 0 0 0.25 0 1 0.3818 -1
0.2495127 -1 -1 0 -2 -1 -0.1531 -1
0.8098279 1 -1 0.75 1 1 0.3313 -1
0.2337286 0 -1 0.25 -3 -1 -0.3134 -1
0.06038947 0 -1 0.25 -2 -1 -0.944 -1
0.2734472 -1 -1 0.25 0 0 -0.3252 -1
0.2469854 0 -1 0.5 0 0 0 -1
0.5 0 -1 0.25 0 1 -0.296 -1
0.1248919 1 0 0.5 -1 1 -0.3597 -1
0.5 0 0 0.25 -1 1 0.3252 -1
0.1355487 0 -1 0 -1 -1 -0.1531 -1
0.1764016 -1 -1 0 -2 0 -0.3612 -1
0.1692903 -1 0 0.5 -1 -1 -0.4291 -1
0.1630125 0 -1 0.5 1 0 0.34 -1
0.07666701 1 -1 0.25 -1 1 -0.4654 -1
0.03656265 -1 -1 0.25 0 -1 -0.6908 -1
0.7576871 1 -1 0.25 1 1 0.0433 -1
0.5 0 -1 0.5 0 -1 0 -1
0.9142857 1 1 0.75 1 1 0.4576 -1
0.5 0 -1 0.5 0 0 0 -1
0.5 0 -1 0.75 1 0 0 -1
0.5 -1 -1 0.5 -1 0 -0.3182 -1
0.5 0 0 0.5 0 0 0 -1
0.01612404 -1 -1 1 -2 -1 -0.8481 -1
0.8531765 0 -1 1 1 0 0.4215 -1
0.2024393 0 -1 0.5 0 1 -0.0572 -1
0.04368944 -1 -1 0.25 -2 -1 -0.6249 -1
0.5 0 -1 0.5 -1 1 0 -1
0.8280663 -1 0 0 -4 -1 -0.2716 -1
0.5 -1 -1 0.5 -1 -1 0 0
0.04372599 0 -1 0.75 0 1 -0.0516 -1
0.1741579 -1 -1 0 -3 -1 -0.8738 -1
0.1355487 0 -1 0 -1 -1 -0.1531 -1
0.1365047 0 0 0.25 0 0 -0.5043 -1
0.5 0 -1 0.5 0 0 0 -1
0.8714926 1 0 0.5 0 0 0 -1
0.5 1 -1 0.75 0 1 0.2732 -1
0.1501333 0 -1 0.75 -2 -1 0.296 -1
0.5 -1 -1 0.25 -2 0 -0.4939 -1
0.1898529 0 -1 0.25 -2 -1 -0.6808 -1
0.8377863 1 1 1 2 1 0 -1
0.9945158 1 1 0.75 2 1 0.7501 -1
0.5 0 -1 0.5 0 0 0 -1
0.1244867 -1 0 0 -2 -1 -0.296 -1
0.9905498 1 -1 0.75 2 1 0.7543 -1
0.5 0 -1 0.5 0 0 0 -1
0.8016489 -1 -1 0.75 -1 -1 -0.4019 -1
0.5 -1 0 0.25 -2 -1 0 -1
0.02033248 -1 -1 0.25 -2 -1 -0.8795 -1
0.8145635 0 -1 0.75 0 1 0.296 -1
0.8293485 0 -1 0.75 2 1 0.6605 -1
0.5 0 -1 0.75 2 1 0.4228 -1
0.5 0 -1 0.5 1 0 0 -1
0.2278368 1 -1 0.25 3 1 0.2112 -1
0.6816578 -1 -1 0.25 -3 -1 -0.296 -1
0.2484461 0 -1 0.5 1 0 0 -1
0.9891325 1 -1 0.5 2 1 0.5602 -1
0.05084019 0 -1 0.25 -1 1 -0.4685 -1
0.5 0 0 0.5 1 1 0.4215 -1
0.5 0 -1 0.5 0 1 0 -1
0.5 0 -1 0.5 1 -1 0 -1
0.5 0 -1 0.75 1 0 0 -1
0.06974551 -1 -1 0.25 -3 -1 -0.5542 -1
0.8635811 0 -1 0.75 2 1 0.4721 -1
0.1061841 -1 -1 0.25 -1 0 0 -1
0.03983631 0 -1 0.25 0 -1 -0.6705 -1
0.8209096 0 -1 1 0 1 0.1027 -1
0.1309321 1 -1 0.25 -2 1 -0.0926 -1
0.9495848 1 -1 0.5 2 1 -0.0397 -1
0.09743286 -1 -1 0.25 -3 -1 -0.5994 -1
0.300321 1 -1 0.5 1 1 0.6486 -1
0.5 0 -1 0.5 0 0 0 -1
0.7973287 1 0 0.75 0 1 0.25 -1
0.8053771 1 0 0.75 1 1 0.4098 -1
0.1435825 0 -1 0.25 -1 -1 0.5393 0
0.9886547 1 -1 0.5 2 1 0.7611 -1
0.2687024 0 -1 0.25 0 -1 0 -1
0.1058512 -1 -1 0.5 0 -1 -0.2023 -1
0.079076 -1 -1 0.25 -2 -1 0.3252 -1
0.8047212 -1 -1 0.75 1 1 0.6124 -1
0.06009818 -1 -1 0.5 -2 -1 -0.6906 -1
0.248919 0 -1 0.75 -1 -1 -0.4912 0
0.03131773 -1 -1 0.25 1 -1 -0.3802 -1
0.06858478 -1 -1 0.25 -1 -1 -0.4753 -1
0.02737999 0 -1 0.5 -2 -1 -0.5859 -1
0.1262742 0 -1 0.25 0 0 0 -1
0.01433563 -1 0 0.25 -2 -1 -0.8957 -1
0.1582828 1 -1 0.25 0 1 -0.4019 -1
0.5 0 -1 0.75 0 0 0 -1
0.5 0 -1 0.5 0 1 0 -1
0.5 0 0 0.5 1 1 0.3612 -1
0.5 0 -1 0.5 1 0 0.34 -1
0.314612 1 0 0.75 1 1 0.4404 -1
0.8354557 0 -1 0.75 0 1 0.128 -1
0.03920326 0 -1 0.25 -2 0 -0.0763 -1
0.5 -1 0 0.75 1 1 0.5106 -1
0.1120396 0 -1 0.75 -1 0 -0.4184 -1
0.1079709 0 -1 0.5 0 0 -0.6381 -1
0.04199407 0 -1 0.25 -2 1 0.2924 -1
0.09360972 0 -1 0 -1 -1 -0.868 -1
0.1770441 -1 -1 0.25 -2 -1 0.1779 -1
0.2643087 0 -1 0.25 0 1 0.4019 -1
0.7769842 1 -1 0.5 0 -1 0 -1
0.5 -1 -1 0.25 -2 -1 -0.4767 -1
0.2580694 -1 -1 0.25 1 1 0 -1
0.5 0 -1 0.5 0 0 0 -1
0.5 1 -1 0.5 0 1 -0.5994 -1
0.04540839 -1 -1 0.25 0 -1 -0.3182 -1
0.1346825 0 0 0.5 0 0 0 0
0.5 0 -1 0.25 1 1 -0.3252 -1
0.09877156 0 -1 0 -2 -1 -0.6369 -1
0.8990043 1 -1 0.75 1 1 0.6369 -1
0.01651419 1 -1 0.25 -2 0 -0.7351 -1
0.09360972 0 -1 0 -1 -1 -0.868 -1
0.5 0 -1 0.5 1 0 0 -1
0.5 0 -1 0.5 0 -1 0 -1
0.2916827 1 -1 0.5 0 -1 -0.5994 -1
0.934803 0 -1 0.5 0 0 0.296 -1
0.01011725 0 0 0.25 -2 -1 -0.765 -1
0.04698395 -1 -1 0.5 0 -1 -0.7845 -1
0.5 0 -1 0.5 0 1 0 -1
0.5 0 -1 0.5 0 1 0 -1
0.5 -1 0 0.25 -2 -1 0.3875 -1
0.7623201 -1 -1 0.25 -1 -1 0 -1
0.5 0 -1 0.5 0 -1 0 -1
0.04368944 -1 -1 0.25 -2 -1 -0.6249 -1
0.2026164 -1 -1 0.5 -3 -1 -0.5267 -1
0.1460354 0 -1 0.75 0 1 -0.2006 -1
0.09003911 -1 -1 0.25 -2 -1 0.1027 -1
0.1513601 0 -1 0.5 1 -1 -0.3595 -1
0.8146862 1 -1 0.75 1 1 0.6705 -1
0.2195749 1 -1 0.25 1 1 -0.2783 -1
0.7900761 1 -1 0.25 0 1 0 -1
0.5 1 -1 0.5 1 1 -0.3595 -1
0.783572 -1 0 0 0 -1 0 -1
0.5 1 -1 0.75 4 1 0 -1
0.5 -1 -1 0.25 0 -1 0 -1
0.2165624 0 0 0.5 1 0 -0.2462 -1
0.5 0 -1 0.25 -2 -1 0 -1
0.1536367 1 -1 0.5 1 1 0.3134 -1
0.5 -1 0 0.5 -2 -1 -0.3802 -1
0.5 0 -1 0.5 0 1 0 -1
0.1957048 -1 -1 0.25 -2 -1 -0.3612 -1
0.04122072 -1 -1 0.25 -2 -1 -0.7184 -1
0.1992363 0 0 0.5 0 0 -0.5256 -1
0.7901139 1 -1 0.75 0 1 0.5719 -1
0.2121984 1 -1 0.25 -2 1 0 -1
0.03900673 -1 0 0 -2 -1 -0.4902 0
0.09613087 -1 -1 0.25 -1 1 -0.8156 -1
0.06401234 -1 -1 0.25 -3 -1 -0.8896 -1
0.5 1 -1 0.5 0 0 0.1779 0
0.965045 1 0 0.75 2 1 0.7412 -1
0.140011 0 -1 0.75 -2 0 -0.5267 -1
0.009069889 -1 -1 0.25 -1 -1 -0.4404 -1
0.1496255 -1 -1 0.25 1 1 -0.2871 -1
0.124623 0 -1 0.25 -2 -1 -0.9068 -1
0.1838726 -1 -1 0.25 -2 -1 -0.768 -1
0.1572076 -1 -1 0 -1 -1 -0.3597 -1
0.8630908 0 1 0 1 -1 0.2732 -1
0.5 1 0 0.5 1 1 0.3612 -1
0.04540839 -1 -1 0.25 0 -1 -0.3182 -1
0.01173263 -1 -1 0.25 -3 -1 -0.4222 -1
0.903306 -1 -1 0.75 -2 -1 0.1655 -1
0.5 -1 0 0.5 -3 -1 -0.5267 -1
0.1155599 -1 -1 0.5 0 -1 -0.4939 -1
0.0158015 -1 0 0 -3 -1 -0.7579 -1
0.5 0 0 0.5 0 0 0 -1
0.8327807 0 -1 0.5 0 1 0.25 -1
0.5 0 -1 0.25 0 1 -0.296 -1
0.7808005 1 -1 0.75 1 1 0.5574 -1
0.5 0 -1 0.5 0 0 0 -1
0.2677721 -1 -1 0.5 -1 -1 0.4939 -1
0.1296356 0 -1 0.25 -1 0 -0.5358 -1
0.1084263 -1 -1 0.25 -2 -1 -0.765 -1
0.1619383 -1 0 0.25 -2 -1 -0.6808 -1
0.5 1 -1 0.5 1 1 0.3612 -1
0.5 0 0 0.25 2 0 0.4404 -1
0.9728339 1 1 1 1 1 0.9215 -1
0.5 0 -1 0.5 2 1 0 -1
0.09796221 -1 -1 0.25 -1 -1 -0.5423 -1
0.08125354 1 -1 0.5 0 -1 0.1779 -1
0.1857434 0 -1 0.5 -1 -1 0 -1
0.1561403 -1 -1 0.25 -2 -1 -0.5255 -1
0.5 0 -1 0.5 0 0 0 -1
0.06745283 0 -1 0.5 0 1 0 -1
0.5 0 0 0.25 1 0 0 -1
0.8210432 1 -1 0.25 0 1 -0.2755 -1
0.05478765 -1 -1 0 -2 -1 -0.6892 -1
0.5 -1 -1 0.25 -1 -1 0 -1
0.304452 0 -1 0.75 0 0 0 0
0.5 0 -1 0.5 2 0 0 -1
0.1944473 -1 -1 0.25 0 -1 -0.4215 -1
0.1150148 1 -1 0.5 1 1 0 -1
0.9607796 1 -1 0.75 0 1 0.7456 -1
0.5 0 -1 0.5 -1 0 -0.0772 -1
0.08088659 1 0 0.5 1 -1 0.3987 -1
0.03791542 -1 -1 0.25 0 -1 0 -1
0.04558195 -1 -1 0.25 -2 0 -0.8316 -1
0.07813319 -1 1 0.25 -2 -1 -0.9577 -1
0.5 0 -1 0.5 0 0 0 -1
0.5 0 0 0.25 1 0 -0.5216 -1
0.7771387 0 -1 0.5 1 0 0.1091 -1
0.7579968 1 1 0.5 1 1 0.3612 -1
0.5 -1 0 0.5 0 0 0 -1
0.0435574 -1 -1 0.25 0 0 -0.5106 -1
0.5 0 -1 0.5 2 0 0.627 -1
0.07873572 -1 -1 0.25 -1 -1 -0.5118 -1
0.2381113 0 -1 0.25 -1 -1 -0.1779 -1
0.5 -1 -1 0.25 -2 -1 -0.6289 -1
0.8684764 -1 -1 0.5 -1 -1 0.0516 -1
0.8886263 0 -1 0.75 -1 0 0.5451 -1
0.2130526 -1 -1 0.25 0 -1 0.128 -1
0.9106467 0 -1 0.5 1 -1 0.5473 -1
0.5 0 -1 0.25 0 0 0 0
0.9296363 1 1 1 1 1 0.4576 -1
0.5 0 -1 0.5 0 0 0 -1
0.5 0 0 0.5 1 0 0 -1
0.8775889 1 1 0.75 0 1 0.4404 -1
0.5 1 1 0.25 2 1 0.6114 -1
0.5 0 0 1 1 1 0 -1
0.5 0 -1 0.25 -1 1 0 -1
0.8873134 0 0 0.5 0 0 0.34 -1
0.5 0 0 0.5 0 0 0 -1
0.1981581 -1 0 0.25 0 -1 0 -1
0.8408685 0 -1 0.75 1 1 0.6597 -1
0.001437542 -1 -1 0.5 -2 -1 -0.9828 -1
0.7070287 0 0 0.5 0 0 0 -1
0.8009679 1 -1 0.5 0 1 -0.4717 -1
0.5 -1 -1 0.5 1 1 0.296 -1
0.8896481 0 0 0.25 1 -1 0.1779 -1
0.02508298 1 0 0.25 -1 1 0.4404 -1
0.1297113 0 -1 0.25 1 1 0.1832 -1
0.2542168 -1 -1 0.25 -1 -1 -0.4767 -1
0.1488755 -1 -1 0.25 -1 0 -0.7227 -1
0.9528085 1 0 0.75 0 1 0.765 -1
0.5 -1 -1 0.25 -2 -1 0 -1
0.1963132 -1 -1 0.25 -2 -1 0 -1
0.5 1 -1 0 0 0 0.34 -1
0.5 1 -1 0.75 0 1 0 -1
0.5 1 0 0.75 0 1 0.34 -1
0.8163201 0 0 0.75 2 1 0.6219 -1
0.9397111 1 1 0.75 3 1 0.9669 -1
0.5 0 0 0.75 1 0 0 -1
0.009304509 -1 -1 0.75 -2 -1 -0.7184 0
0.098697 1 -1 0.25 -1 0 -0.6808 -1
0.8988574 0 0 0.5 0 1 0.7739 -1
0.2103481 -1 0 0.25 -3 -1 0 -1
0.09313307 -1 -1 0.25 0 -1 -0.1531 -1
0.5 0 -1 0.5 0 0 0 -1
0.7029178 -1 -1 0.5 0 -1 0 -1
0.5 0 -1 0.5 0 0 0 -1
0.5 -1 -1 0.25 -1 -1 -0.4019 -1
0.5 0 0 0.5 0 0 0 -1
0.5 0 0 0.5 1 1 -0.1779 -1
0.03038714 -1 -1 0.25 -1 -1 -0.4215 0
0.9121078 0 -1 0.75 1 1 0.6696 -1
0.02159453 -1 -1 0.25 -4 -1 -0.54 -1
0.5 0 -1 0.5 0 0 0 -1
0.09388404 -1 -1 0.5 0 -1 -0.25 -1
0.5 0 -1 0.5 0 1 0 -1
0.07200944 0 0 0.25 -1 1 -0.4767 -1
0.1306219 -1 -1 0.25 -1 -1 -0.6767 -1
0.5 1 0 0.5 1 1 0.3612 -1
0.7878864 0 -1 0.5 0 1 0.4939 -1
0.1367192 -1 -1 0.25 -3 -1 -0.5719 -1
0.9405334 1 1 0.75 0 1 0.6705 -1
0.5 -1 -1 0.25 0 1 0.0772 -1
0.1763272 -1 -1 0.75 -1 1 -0.6249 -1
0.255539 -1 -1 0.25 -1 -1 -0.4939 -1
0.8837452 1 -1 0.75 0 1 0.2732 -1
0.5 -1 -1 0.25 -2 0 -0.4215 -1
0.5 0 -1 0.75 -1 0 0 -1
0.5 0 0 0.5 0 0 0 -1
0.9209539 0 -1 0.75 2 1 0.7178 -1
0.0737405 0 -1 0.5 -1 0 -0.4939 -1
0.04784006 -1 0 0.25 -4 -1 -0.6467 -1
0.5 0 -1 0.5 0 0 0 -1
0.07708458 -1 0 0 -1 -1 -0.4767 -1
0.1761253 -1 0 0.25 -3 -1 0 -1
0.9094918 0 -1 0.5 0 1 0.6199 -1
0.5 1 -1 0.5 2 1 0.4199 -1
0.5 0 -1 0.75 1 0 0.5216 -1
0.1208146 1 0 0.75 1 1 0.7003 -1
0.8762331 0 1 0.75 1 0 0.5093 -1
0.8024996 -1 -1 0.25 -2 -1 -0.7184 -1
0.1213565 -1 -1 0.25 -1 -1 -0.5267 -1
0.231393 -1 0 0.5 -1 -1 -0.34 -1
0.5 0 0 0.5 0 0 0 -1
0.9736906 0 -1 0 -1 -1 -0.296 -1
0.092039 -1 -1 0.25 -1 -1 -0.4404 -1
0.06836669 -1 -1 0.25 -2 0 -0.5423 -1
0.5 0 -1 0 0 -1 0 -1
0.2665325 -1 -1 0.25 -1 -1 -0.4215 -1
0.2144227 0 -1 0.5 -2 0 0 -1
0.02744832 0 -1 0.25 -3 0 -0.4767 -1
0.8298012 0 1 0.75 2 1 0.5411 -1
0.5 -1 -1 0.25 1 0 0.34 -1
0.03526628 -1 -1 0.25 -2 -1 -0.5106 -1
0.2940875 0 0 0.5 1 0 0 -1
0.1838726 -1 -1 0.25 -2 -1 -0.768 -1
0.07005902 -1 -1 0.25 1 0 0.1027 -1
0.9016078 0 0 0.75 1 1 0.6322 -1
0.8099144 -1 -1 0 0 0 0 -1
0.02294036 -1 -1 0.25 0 -1 -0.5848 -1
0.08368145 -1 -1 0.25 0 -1 -0.5255 -1
0.8292832 -1 -1 0 1 1 0.6513 -1
0.04948241 0 -1 0.5 -1 0 0.3818 -1
0.8220052 1 -1 0.25 1 1 0.6908 -1
0.9645115 0 0 0.25 1 1 -0.0588 -1
0.5 1 -1 0.5 1 1 0.3612 -1
0.9508026 1 0 0.75 1 1 0.2481 -1
0.002293209 -1 -1 0 -3 -1 -0.5423 -1
0.004039878 -1 -1 0.25 -3 0 -0.1531 -1
0.3157472 0 -1 0.25 -1 0 0.5719 -1
0.5 0 0 0.5 0 0 0 -1
0.8855246 1 -1 0.5 1 1 0.6369 -1
0.9773108 1 -1 0.75 1 1 0.7531 -1
0.2547945 1 -1 0.25 0 1 0 -1
0.0008026533 -1 -1 0.25 -1 -1 -0.296 -1
0.5 -1 -1 0 0 -1 -0.3612 -1
0.02194579 -1 -1 0.25 -3 -1 -0.7269 -1
0.002083423 -1 -1 0 -2 -1 -0.743 -1
0.5 0 -1 0.5 0 -1 0 -1
0.03351734 0 -1 0.25 -3 0 -0.8777 -1
0.5 0 -1 0.5 1 0 0 -1
0.5 0 0 0.5 1 0 0 -1
0.5 0 0 0.5 1 0 -0.4981 -1
0.9500319 0 1 1 3 1 0.8858 -1
0.5 -1 1 0.25 -1 -1 -0.3056 -1
0.2605286 0 -1 0.25 0 1 0 -1
0.5 0 0 0.5 0 0 0 0
0.2417185 0 -1 0.25 -2 -1 -0.5994 -1
0.1527495 -1 0 0.5 -1 -1 -0.3182 -1
0.05849721 -1 1 0.5 0 1 0.0258 -1
0.8194275 0 -1 0.75 1 1 0.7351 -1
0.005398496 -1 -1 0 -1 -1 0 -1
0.08986676 -1 -1 0.25 1 1 -0.578 -1
0.8576462 -1 -1 0.75 2 1 0.8217 -1
0.5 0 -1 0.5 0 0 0 -1
0.0220453 1 -1 0.25 1 0 -0.9153 -1
0.001171861 -1 -1 0.5 -3 -1 -0.2509 -1
0.5 -1 0 0.5 -1 -1 0 -1
0.7069724 -1 -1 0.75 -1 -1 0 -1
0.07781988 0 -1 0.5 2 1 0.8321 -1
0.8427051 -1 -1 0 0 -1 0.6902 -1
0.8007497 0 -1 0.5 0 0 -0.0191 -1
0.5 -1 -1 0 -3 -1 -0.4939 -1
0.300317 0 0 0 0 0 0 -1
0.5 -1 0 0.25 -2 -1 -0.6981 -1
0.02339088 -1 -1 0.5 -3 0 0.1536 -1
0.01170204 0 -1 0.75 -2 -1 -0.836 -1
0.7553214 0 -1 0.25 0 1 0 -1
0.7162216 1 1 0.5 3 1 0.7156 -1
0.891983 1 -1 0.75 0 1 0.2732 -1
0.2510805 -1 -1 0.25 -2 -1 -0.2828 -1
0.5 0 -1 0.5 1 0 0 -1
0.5 0 -1 0.75 0 1 0 -1
0.5 -1 0 0.25 -2 -1 0 -1
0.5 -1 -1 0.5 -1 0 0 -1
0.1840049 -1 -1 0.25 -1 -1 0 -1
0.5 0 0 0.5 0 0 0 -1
0.5 0 -1 0.5 1 0 0 -1
0.007260124 -1 -1 0.25 -1 -1 -0.3818 -1
0.8124064 1 0 0.75 1 1 0.3182 -1
0.1456631 1 0 0.75 -1 1 -0.3182 -1
0.7786032 0 -1 0 0 1 -0.7696 -1
0.2636759 0 0 0.5 0 0 0 -1
0.5 0 0 0.5 1 1 -0.1779 -1
0.03028272 -1 -1 0 -2 0 -0.5574 -1
0.8150222 0 -1 0.75 -1 -1 0 -1
0.5 0 0 0.5 0 0 0 -1
0.5 -1 -1 0 -1 1 -0.4588 -1
0.5 -1 0 0.25 -2 -1 -0.6476 -1
0.7872486 -1 0 0.75 2 1 0.6776 -1
0.7525847 0 -1 0.75 0 1 0 -1
0.908731 1 -1 0.75 0 0 -0.8126 -1
0.2720349 0 -1 0.5 0 1 -0.3875 -1
0.9065431 1 -1 0.5 1 1 -0.5559 -1
0.1911938 1 1 0.25 0 1 0.5719 -1
0.5 0 -1 0.75 1 0 0.5216 -1
0.9629568 1 -1 0.75 1 1 0.7906 -1
0.5 0 0 0.5 1 0 0 -1
0.5 0 -1 0.75 0 1 -0.264 -1
0.5 -1 -1 0.5 0 -1 0 -1
0.09435202 -1 1 0.25 -1 -1 -0.3182 -1
0.5 -1 -1 0.25 -2 -1 0 -1
0.2539903 1 0 0.25 0 1 0 -1
0.783973 0 -1 0.75 -2 0 -0.7193 -1
0.1179548 0 -1 0.5 0 0 0 -1
0.8181627 1 -1 0.5 0 1 0.3612 -1
0.1419332 0 -1 0.5 -2 0 -0.2942 -1
0.1853213 0 0 0.25 0 -1 -0.636 -1
0.08537937 0 -1 0.75 1 1 0.4939 -1
0.5 0 -1 0.5 0 0 -0.296 -1
0.07029339 -1 -1 0.25 0 -1 -0.6776 -1
0.1184448 -1 -1 0.75 1 -1 -0.7783 -1
0.06362734 -1 -1 0.25 -2 -1 -0.5562 -1
0.5 -1 -1 0.25 -1 -1 -0.1779 -1
0.01819482 -1 -1 0.25 -3 -1 -0.4389 -1
0.5 -1 0 0.5 -1 -1 -0.5106 -1
0.5 0 -1 0.5 0 1 0 -1
0.5 0 0 0.5 1 1 -0.1779 -1
0.1732011 0 1 0.5 -1 -1 0.34 -1
0.03585012 -1 -1 0.25 -2 -1 -0.6369 -1
0.2033318 0 0 0.75 0 1 0.4019 -1
0.1530421 1 -1 0.5 0 1 0.0258 -1
0.1647728 -1 -1 0.5 0 0 0 -1
0.008592626 0 0 0.5 -2 0 -0.3695 -1
0.5 0 -1 0.25 0 1 0 -1
0.5 -1 -1 0.5 0 -1 0 -1
0.1111847 -1 -1 0.25 -3 -1 -0.25 -1
0.5 -1 -1 0.25 -2 -1 -0.5106 -1
0.01787386 -1 -1 0.25 -3 -1 -0.5904 -1
0.5 0 0 0.5 0 0 0 0
0.1108953 0 -1 0.25 1 0 0.6739 -1
0.5 0 0 0.5 1 1 -0.1779 -1
0.7065372 0 -1 0.5 0 0 0.3612 -1
0.2157595 0 -1 0.5 0 1 -0.1027 -1
0.2585473 0 -1 0.25 1 1 0.4939 0
0.240605 -1 -1 0.25 1 1 0.296 -1
0.2224624 -1 0 0.75 1 -1 0 -1
0.03660866 -1 -1 0.25 -1 -1 -0.4767 -1
0.004348782 -1 0 0.25 -3 -1 -0.4404 -1
0.1662885 -1 -1 0 -1 -1 -0.6124 -1
0.04493104 0 0 0.25 -2 -1 -0.9169 -1
0.1456084 1 -1 0.75 2 1 0.1999 -1
0.8136855 0 0 0.75 -1 0 -0.1779 -1
0.0885268 -1 1 0.25 -3 -1 -0.296 -1
0.009491167 -1 -1 0 1 -1 -0.2263 -1
0.03577281 -1 -1 0.25 -2 -1 -0.7717 -1
0.5 0 -1 0.25 0 1 -0.5267 -1
0.5 0 0 0.75 0 0 0 -1
0.5 0 0 0.25 -1 -1 -0.1027 -1
0.1855981 1 -1 0.75 1 1 0.6705 -1
0.1665956 -1 -1 0 -1 -1 -0.7184 -1
0.7354703 1 0 0.75 0 1 0.4404 -1
0.2090871 -1 -1 0.25 -2 -1 -0.5106 -1
0.0348902 -1 -1 0.25 -3 -1 -0.6633 -1
0.5 0 -1 0.5 0 1 0.0772 -1
0.2265326 0 -1 0.75 -2 1 -0.1531 -1
0.01514223 -1 -1 0.25 -1 0 -0.6705 -1
0.2230907 -1 0 0.5 -1 -1 0 -1
0.04698395 -1 -1 0.5 0 -1 -0.7845 -1
0.1598584 -1 -1 0.5 -1 -1 -0.5423 -1
0.2290267 -1 -1 0.5 0 -1 0.296 -1
0.1781346 0 -1 0.25 0 -1 -0.636 -1
0.8759364 1 -1 1 0 1 0.5707 -1
0.02466533 -1 0 0.5 -1 -1 -0.6124 -1
0.2470287 0 -1 0.5 0 0 0 -1
0.8069967 0 -1 0.25 -1 0 0.1531 -1
0.8660999 0 -1 1 -1 -1 0 -1
0.08081117 -1 -1 0.25 0 -1 0 -1
0.5 0 -1 0.75 0 1 0.2732 0
0.2111573 0 0 0 -1 0 0 -1
0.06592032 0 -1 0.75 0 -1 -0.0516 0
0.7833813 0 -1 0.5 -2 1 0.6996 -1
0.5 0 -1 0.5 0 -1 0 -1
0.1725305 -1 -1 0.75 -1 -1 -0.0258 -1
0.1476846 1 0 0.25 0 0 0.5204 -1
0.3198616 -1 0 0.25 -2 -1 -0.3182 -1
0.265576 1 -1 0 2 1 0.5994 -1
0.1757127 -1 0 0 -1 -1 -0.6428 -1
0.5 0 -1 0.25 0 0 0 -1
0.2307185 -1 -1 0 -3 -1 -0.7089 -1
0.09939765 0 -1 0 0 0 -0.296 -1
0.01144706 -1 -1 0.25 -3 -1 -0.5423 -1
0.1256615 0 -1 0.25 1 1 0.3612 -1
0.01684729 0 -1 0.25 -1 0 -0.296 -1
0.1156175 1 0 0.5 -1 -1 -0.2263 -1
0.177549 -1 -1 0 -1 -1 -0.6808 -1
0.5 -1 0 0.25 0 -1 -0.5106 -1
0.1619132 1 -1 0.5 1 1 0.25 -1
0.5 0 0 0.5 0 0 0 -1
0.5 0 -1 0.5 0 0 0 -1
0.1468998 0 -1 0.25 -1 0 0.0258 -1
0.2248408 0 -1 0.25 0 -1 0.4086 -1
0.04725153 -1 -1 0.25 0 -1 0 -1
0.5 0 -1 0.25 1 1 0.4019 -1
0.09426083 -1 -1 0.5 1 -1 0 -1
0.965049 1 -1 0.25 0 1 -0.09 -1
0.5 1 0 0.75 0 1 0.5719 -1
0.1870862 -1 -1 0.75 -1 0 0.0258 -1
0.8201073 0 -1 0.5 0 1 0.5106 -1
0.04236346 -1 0 0.25 -2 -1 -0.5526 -1
0.02992338 0 -1 0.75 0 0 -0.5574 -1
0.1439591 0 0 1 1 0 0.6767 -1
0.1743495 0 -1 0.75 -1 1 -0.4019 -1
0.1210209 -1 -1 0.25 -1 -1 -0.4404 -1
0.7503439 0 -1 0.5 1 1 0.0258 -1
0.8814909 0 -1 0 -1 1 0.4215 -1
0.5 0 0 0.5 1 0 0 -1
0.2145692 1 0 0.25 -1 1 -0.783 -1
0.734447 0 -1 0.75 0 -1 -0.327 -1
0.5 -1 0 0.5 0 -1 -0.4404 -1
0.5 0 -1 0.5 0 0 0 -1
0.06336608 -1 -1 0.5 0 0 -0.1531 -1
0.2754465 1 -1 0 2 1 0.5994 -1
0.5 -1 0 0.25 0 -1 0 -1
0.014538 1 -1 0.75 -1 -1 -0.5514 -1
0.7627933 1 -1 0.25 -1 1 0.5654 -1
0.8672594 0 0 0 -2 -1 -0.6249 -1
0.0956256 0 -1 0.25 -2 0 -0.5859 -1
0.5 -1 -1 0.25 -2 -1 -0.2732 -1
0.9651575 1 0 1 2 1 0.6249 -1
0.04403522 -1 -1 0.25 -1 -1 -0.5267 -1
0.1945452 0 -1 0.25 -2 -1 -0.126 -1
0.935577 1 0 1 1 1 0.4576 -1
0.06745814 0 -1 0.25 -2 -1 -0.3182 -1
0.06135241 -1 -1 0.25 -1 -1 0 -1
0.07274178 0 -1 0.5 -2 0 -0.0857 -1
0.2512171 1 -1 0.5 2 1 0.4767 -1
0.7864812 -1 -1 0.5 0 -1 -0.1531 -1
0.2704949 0 -1 0.25 0 -1 0.2103 0
0.0007389371 -1 -1 0 -4 -1 -0.9379 -1
0.5 0 -1 0.5 1 0 0 -1
0.9256224 1 -1 0.75 -1 1 0.8402 -1
0.5 0 0 0 -1 0 0 -1
0.5 0 -1 0.5 -1 -1 -0.302 -1
0.1622954 0 -1 0 1 -1 0.6739 -1
0.5 0 -1 0.5 0 0 0.2732 -1
0.7975884 0 -1 0.5 1 0 0.4215 0
0.942031 0 -1 0.75 0 1 0.3612 -1
0.7786576 0 0 0.25 -1 -1 0.3736 -1
0.0374562 -1 -1 0 0 1 -0.126 -1
0.9644252 0 -1 0.5 -1 0 0.296 -1
0.5 0 -1 0.5 0 0 0 -1
0.8743112 1 -1 0.25 1 1 0.6249 -1
0.08414793 0 -1 0.25 -2 1 -0.5859 -1
0.5 -1 -1 0.25 0 1 -0.296 -1
0.5 0 -1 0.5 2 1 0 -1
0.8803613 0 -1 0.5 1 0 0.4682 -1
0.06062086 -1 -1 0.75 -1 0 -0.4404 -1
0.08400604 -1 -1 0.25 1 1 0.296 -1
0.06123604 -1 -1 0.25 -1 -1 -0.4767 -1
0.732436 1 1 0.75 0 1 0.5719 -1
0.5 -1 -1 0.25 0 1 0.3612 -1
0.09568965 -1 -1 0.25 -2 -1 -0.6124 -1
0.1127776 1 -1 0.75 0 1 0 -1
0.5 -1 0 0.25 1 -1 0 -1
0.8990002 0 0 0.5 0 0 0.296 -1
0.5 1 -1 0.75 1 1 0.3612 -1
0.1647495 1 0 0.75 0 1 0.5106 -1
0.106233 -1 0 0.5 -1 -1 -0.34 -1
0.01368588 -1 -1 0.25 -2 -1 -0.5994 -1
0.03098207 -1 -1 0.25 -3 -1 -0.4588 -1
0.2477325 0 -1 0.5 0 1 0.2263 -1
0.5 1 0 0.75 0 1 0.4019 -1
0.5 0 -1 0.5 0 0 0 -1
0.5 -1 -1 0 -3 -1 0 -1
0.5 0 -1 0.5 0 0 0 -1
0.8117688 0 -1 0.5 0 1 0.1655 -1
0.2617474 -1 -1 0.25 -1 -1 -0.4588 -1
0.5 0 0 0.5 0 0 0 -1
0.7632019 1 1 0.75 0 1 0.6416 -1
0.02150018 -1 -1 0.25 -1 -1 -0.5423 -1
0.5 0 -1 0.5 0 0 0 -1
0.1912242 -1 -1 0.75 -1 1 -0.128 -1
0.5 0 0 0.25 1 0 -0.4129 -1
0.2012189 0 -1 0.25 -3 1 -0.128 -1
0.5 0 -1 0.75 0 0 0 -1
0.2240117 -1 -1 0.75 -1 1 0.3182 0
0.1922847 -1 -1 0.25 -1 1 0.5904 -1
0.5 1 -1 0.5 0 0 0.3612 -1
0.8298504 1 -1 0.25 0 1 -0.4023 -1
0.5 0 0 0.5 0 0 0 -1
0.8187528 0 0 0.5 0 1 0.1027 -1
0.7535368 0 -1 0.25 0 1 0.3818 -1
0.8856956 0 1 0 0 -1 -0.3182 -1
0.05202292 0 -1 0.25 0 -1 0.6808 -1
0.05809227 -1 -1 0.25 -3 -1 -0.5719 -1
0.2066738 -1 -1 0.25 -2 -1 -0.1779 -1
0.1073013 0 -1 0.25 1 1 0.1779 -1
0.5 -1 -1 0.25 -1 -1 0 -1
0.5 1 0 0.5 0 1 0 -1
0.5 0 -1 0.5 -2 1 -0.659 -1
0.05347227 0 -1 0.5 0 0 -0.1779 -1
0.1627277 0 -1 0 -1 0 -0.2732 -1
0.08010666 0 -1 0.5 -1 -1 -0.4767 -1
0.9720097 0 0 0.75 1 1 -0.1531 -1
0.7377612 0 0 0.75 1 1 0.4404 -1
0.002328779 -1 -1 0.25 0 -1 -0.8011 -1
0.5 1 -1 0.25 0 1 0 -1
0.9074916 0 -1 0.75 1 1 0.3535 -1
0.06710827 0 -1 0.25 1 1 0.5801 0
0.9460907 0 -1 0 -2 -1 -0.0258 -1
0.5 0 -1 0.25 0 0 0 -1
0.7861741 1 0 0.75 1 1 0.4404 -1
0.5 0 0 0.75 0 0 0 -1
0.04977678 -1 -1 0.25 -1 -1 -0.296 -1
0.2658255 0 -1 0.5 0 0 -0.3818 -1
0.5 0 0 0.5 0 0 0 -1
0.5 -1 -1 0.25 -1 -1 -0.1779 -1
0.5 0 0 0.5 0 0 0 -1
0.224383 -1 -1 0.25 -2 -1 -0.4019 -1
0.5 1 1 0.75 1 1 0 -1
0.5 1 0 0.75 0 1 0 -1
0.5 0 -1 0.25 0 0 0 -1
0.8229003 -1 -1 0.75 0 -1 0.2144 -1
0.03633998 -1 -1 0.25 -2 -1 -0.8442 -1
0.1215321 0 -1 0.75 0 0 0.4215 -1
0.2574115 0 0 0.75 1 1 0.4939 -1
0.5 0 0 0.5 1 0 0 -1
0.1535736 1 1 0.75 -1 1 0.6124 -1
0.5 0 -1 0.5 0 -1 0 -1
0.8704853 0 -1 0.5 1 1 0.3182 -1
0.01504391 -1 -1 0.25 -3 -1 -0.7739 -1
0.1613619 -1 -1 0.25 -1 -1 0 -1
0.2199593 0 -1 0.5 1 0 0 -1
0.5 -1 -1 0.75 -1 -1 0 0
0.8653916 0 0 0.5 -2 0 -0.0314 -1
0.5 0 -1 0.5 0 1 0 -1
0.5 0 -1 0.5 0 0 0 -1
0.9890147 0 0 0.75 2 1 0.802 -1
0.2486745 -1 0 0.75 3 -1 -0.2481 -1
0.7153846 0 -1 0.5 0 0 0 -1
0.2277468 -1 -1 0.25 -1 -1 -0.5994 -1
0.9620836 1 -1 0.25 -1 1 -0.3804 -1
0.1917215 0 -1 0.25 -1 1 -0.34 -1
0.1407218 -1 -1 0.5 0 -1 0 -1
0.03985249 -1 -1 0.75 -2 -1 -0.3612 -1
0.9876142 1 1 1 2 1 0.8481 -1
0.5 0 0 0.75 0 1 0 -1
0.127528 -1 -1 0.25 -4 -1 -0.7412 -1
0.05202828 1 0 0.5 -2 1 -0.4019 -1
0.5 0 -1 0.5 0 0 0 -1
0.7591559 1 1 0.75 0 1 0 -1
0.8808477 0 0 0.5 0 1 0 -1
0.5 -1 -1 0.25 0 -1 0 -1
0.06730533 -1 -1 0.25 -2 -1 -0.784 -1
0.8582936 0 0 0.5 -2 -1 0 -1
0.817536 -1 -1 0.25 -1 -1 0.34 -1
0.08236238 1 -1 0.5 0 1 0.1999 -1
0.5 -1 -1 0.25 -1 -1 -0.7184 -1
0.5 0 0 0.5 0 0 0 -1
0.5 0 -1 0.5 -2 -1 -0.4003 -1
0.933471 1 -1 0.75 0 1 0.6705 0
0.9655479 1 1 0.75 2 1 -0.2502 -1
0.3285309 -1 -1 0.25 -2 -1 -0.4101 -1
0.5 0 0 0.75 2 0 0 -1
0.1086057 0 -1 0.5 -1 -1 -0.5267 -1
0.5 0 -1 0.5 0 -1 0 -1
0.2005354 0 -1 0 0 -1 -0.6544 -1
0.5 0 -1 0.5 -1 1 0 -1
0.130857 -1 -1 0.25 -1 -1 -0.128 -1
0.2630879 0 1 0.25 0 -1 0.2732 -1
0.008008403 -1 -1 0.25 -2 -1 -0.5719 -1
0.8979298 0 0 0.25 1 1 0.7284 -1
0.5 1 0 0.75 0 1 0.3612 -1
0.2152603 -1 -1 0.5 -1 -1 -0.34 -1
0.5 0 -1 0.5 -1 0 0 0
0.5 0 0 0.5 1 1 0 -1
0.1062865 0 1 0.25 1 -1 -0.4482 -1
0.2571257 -1 -1 0.25 -2 -1 -0.6625 -1
0.1177441 0 0 0.25 0 0 -0.1761 -1
0.1530634 -1 -1 0.25 -4 -1 -0.7991 -1
0.8968439 1 -1 1 0 1 0.5106 -1
0.8549367 -1 0 0.25 -2 1 -0.0516 -1
0.0534359 1 -1 0.25 0 1 0.505 -1
0.8753089 0 -1 0.25 -1 1 0.2263 -1
0.5 0 -1 0.75 1 1 0.4939 -1
0.06169642 -1 -1 0.25 -2 -1 -0.6249 -1
0.2025796 0 -1 0.75 1 1 0.6077 -1
0.1899399 -1 -1 0.25 -2 -1 -0.4588 -1
0.7689877 1 1 0.5 0 1 0.5859 -1
0.5 0 -1 0.5 0 0 0 -1
0.5 0 -1 0.75 0 -1 0 -1
0.01489176 -1 -1 0.25 -3 -1 -0.6476 -1
0.06716277 -1 -1 0.25 -2 -1 -0.9274 -1
0.5 0 1 0.5 0 0 0 -1
0.7405106 1 -1 0.25 2 1 -0.357 -1
0.8784234 1 -1 0.75 0 1 0.6597 -1
0.7958519 0 -1 0.5 1 0 0.4753 -1
0.5 1 1 0.75 0 0 0 -1
0.5 0 -1 0.5 0 0 0 -1
0.09252504 0 -1 0.25 0 -1 -0.1027 -1
0.2485186 1 -1 0 -1 1 -0.296 -1
0.05242719 -1 -1 0.5 0 -1 -0.25 -1
0.5 0 -1 0.5 2 1 -0.3595 -1
0.217493 1 -1 0.25 1 1 0.3612 -1
0.5 -1 1 0.25 0 -1 0 -1
0.7656214 0 -1 0.5 -1 0 0.3412 -1
0.5 0 -1 0.5 1 -1 0.34 -1
0.8712066 -1 -1 0.5 0 0 0 -1
0.5 0 -1 0.5 -1 0 0 -1
0.1278269 0 -1 0.5 1 1 -0.5897 -1
0.5 0 -1 0.5 1 -1 0 0
0.1746769 -1 0 0.75 -1 -1 -0.1366 -1
0.04755333 -1 -1 0.25 -1 -1 -0.5423 -1
0.5 0 -1 0.5 0 0 0 -1
0.2363698 -1 -1 0.75 1 -1 0.2225 -1
0.2397777 -1 0 0.5 -2 0 0.3695 -1
0.1647074 0 0 0.25 0 0 0.6486 -1
0.2049164 0 -1 0.25 -1 1 -0.7782 -1
0.5 0 -1 0.5 0 1 0 -1
0.8032784 0 -1 0.25 -2 0 0.1531 -1
0.9435512 -1 1 0.75 1 1 0.3818 -1
0.5 0 -1 0.5 0 0 0 -1
0.5 0 -1 0.5 0 1 0 -1
0.112276 -1 -1 0.25 -1 -1 -0.6808 -1
0.7484036 0 0 0.5 0 0 0.3612 -1
0.7613382 -1 -1 0.25 -2 1 0.4939 -1
0.02364145 -1 -1 0.25 -3 -1 -0.7501 -1
0.2608851 -1 -1 0.5 -1 0 -0.4019 0
0.1743608 0 -1 0.25 -1 -1 -0.2263 -1
0.04063615 -1 0 0.25 0 0 -0.25 -1
0.7106845 0 -1 0.5 -1 1 -0.2732 -1
0.5 1 0 0.75 0 0 0 -1
0.1984147 0 0 0.5 0 0 0 0
0.5 0 0 0.5 0 1 0 -1
0.1986473 -1 -1 0.5 -2 -1 0.3252 -1
0.1561024 -1 -1 0.75 0 1 0.4299 -1
0.008032273 -1 -1 0.75 -2 -1 -0.1531 -1
0.1967644 -1 -1 0.25 -1 0 -0.4404 -1
0.8719369 0 -1 0.75 0 1 0.2263 -1
0.1904715 1 1 0.5 -1 1 0.8555 -1
0.5 0 0 0.5 0 1 0 -1
0.8247455 1 -1 0.75 1 0 0.6597 -1
0.02498245 -1 0 0.25 0 -1 -0.2263 0
0.9838614 0 -1 0.5 -1 1 -0.0516 -1
0.5 0 -1 0.5 0 0 0 -1
0.1991254 1 -1 0.25 -1 -1 -0.296 -1
0.2699475 -1 -1 0.5 -1 -1 0 -1
0.08115781 -1 0 0.25 -2 -1 -0.5106 -1
0.5 1 -1 0.25 -1 1 0 -1
0.9828921 1 -1 0.75 1 1 0.8316 -1
0.1213628 1 1 0.75 1 1 0 -1
0.0429535 -1 -1 0.5 -1 -1 -0.5423 -1
0.2579902 0 -1 0.25 0 0 0 -1
0.5 0 -1 0.25 1 -1 0 -1
0.8734115 1 -1 0.25 -1 1 -0.128 -1
0.2002518 0 -1 0.5 0 -1 -0.2023 -1
0.686726 1 -1 0.25 -2 1 0 -1
0.9113465 1 0 0.75 2 1 0.4019 -1
0.5 1 -1 0.5 -1 1 -0.2755 -1
0.7856203 -1 -1 0.75 -1 1 -0.0516 -1
0.5 0 0 0.5 0 1 0 -1
0.7760257 1 -1 0.75 0 1 0.4836 -1
0.5 0 -1 0.5 0 -1 -0.2023 -1
0.01104112 -1 -1 0.25 -3 -1 -0.5574 -1
0.7043398 0 -1 0.25 -3 0 -0.875 -1
0.02672397 -1 -1 0 0 -1 -0.2023 -1
0.1573986 -1 -1 0.5 0 1 0 -1
0.2968191 0 0 0.25 0 0 0.4404 -1
0.9146611 1 -1 0.5 1 1 -0.4442 -1
0.7760257 1 -1 0.75 0 1 0.4836 -1
0.8057783 -1 0 0.75 -3 -1 0.5719 -1
0.8787626 1 -1 0.5 1 1 0.3612 -1
0.5 -1 -1 0.25 0 -1 -0.296 -1
0.8998362 0 0 0.75 0 1 0.2732 -1
0.06230667 -1 0 0.25 -2 -1 -0.765 -1
0.7699919 -1 -1 0.75 -1 1 -0.0516 -1
0.5 0 0 0.5 0 0 0 -1
0.02580649 -1 -1 0 -3 -1 -0.7007 -1
0.5 0 -1 0.5 0 0 0 -1
0.5 0 -1 0.5 0 0 0 -1
0.7091093 -1 -1 0.5 0 -1 0.1531 -1
0.07887728 0 -1 0.75 -3 0 -0.4215 -1
0.9274888 0 0 0.75 0 1 0.3612 -1
0.2001767 0 -1 0.5 0 0 0 -1
0.5 0 -1 0.5 0 1 0 -1
0.5 0 -1 0.5 1 0 0 -1
0.5 0 -1 0.5 1 0 0 -1
0.8684372 0 -1 0 1 0 0.7003 -1
0.5 1 -1 0.75 0 1 0 -1
0.1965246 -1 -1 0.5 0 1 0.8118 -1
0.5 1 -1 0.75 0 1 0 -1
0.07076467 -1 0 0.5 1 -1 0 -1
0.5 -1 0 0 -2 -1 0 -1
0.5 0 -1 0.5 0 0 0 -1
0.01994726 -1 -1 0.25 -3 -1 -0.7457 -1
0.5 0 -1 0.25 0 -1 -0.0516 -1
0.07177248 -1 1 0.5 -1 -1 0.3987 -1
0.5 0 -1 0 -1 -1 -0.3736 -1
0.8833108 0 -1 0.5 2 1 0.5859 -1
0.01994726 -1 0 0.25 -3 -1 -0.7457 -1
0.08796774 -1 -1 0.25 -1 -1 -0.5904 -1
0.1748469 -1 -1 0.25 -1 -1 -0.3818 -1
0.9396445 1 0 0.75 1 1 0.5378 -1
0.0395544 -1 -1 0.25 -1 -1 -0.4019 -1
0.5 0 -1 0.5 0 0 0 -1
0.2395952 -1 0 0 -3 -1 -0.7351 -1
0.1188632 -1 -1 0.25 -2 -1 -0.6705 -1
0.05110767 -1 -1 0.75 -1 -1 -0.4767 -1
0.18156 -1 -1 0.5 -3 -1 -0.7639 -1
0.5 0 -1 0.5 0 1 0 -1
0.3008359 0 -1 0 3 0 -0.6742 -1
0.1544756 -1 1 0.25 -1 -1 -0.6892 -1
0.2891633 0 -1 0.75 -2 -1 -0.5106 -1
0.5 0 -1 0.5 0 0 0 -1
0.2659127 1 -1 0.25 1 1 -0.3716 -1
0.7434376 -1 -1 0.5 1 -1 0 -1
0.1845493 0 -1 0.25 0 0 0.0516 -1
0.5 0 0 0.5 0 0 0 -1
0.2350545 -1 -1 0.25 -1 -1 -0.5859 -1
0.9163404 -1 0 0.5 1 0 0.6908 -1
0.1100733 -1 -1 0.25 -3 -1 -0.6705 -1
0.5 0 -1 0.25 0 -1 0 -1
0.5 0 -1 0.5 -2 -1 0 -1
0.6994764 0 0 0.75 0 0 0 -1
0.5 1 -1 0.25 0 1 0 -1
0.9113877 0 -1 0.5 1 1 0.4404 -1
0.5 -1 0 0.75 -1 -1 0 -1
0.07779104 -1 -1 0.25 -2 -1 -0.4588 -1
0.1125851 0 -1 0.25 0 -1 0 -1
0.03653548 -1 -1 0.25 -1 -1 -0.4871 -1
0.5 0 -1 0.5 0 0 0 -1
0.1125851 0 -1 0.25 0 -1 0 -1
0.8365182 1 0 1 3 1 0 1
0.9581269 1 1 0.75 2 1 0.6705 1
0.5 0 0 0.75 0 0 0 1
0.9852838 1 1 0.75 2 1 0.7096 1
0.0442971 0 -1 1 -2 -1 -0.3442 1
0.9787058 1 1 1 0 1 0.6249 1
0.9883212 1 0 1 0 1 0.5994 1
0.5 1 1 0.75 0 1 0.296 1
0.8772289 1 1 0.75 1 1 0.4404 1
0.8033176 1 0 0.75 0 1 0.3818 1
0.5 0 -1 0.75 -1 1 0 1
0.5 0 0 0.75 0 0 0 1
0.5 1 -1 0.75 -1 1 0.1531 1
0.5 0 0 0.5 0 0 0 1
0.05215563 0 -1 0.75 -1 0 -0.1531 1
0.5 0 0 0.5 0 0 0 1
0.5 0 -1 0 -1 0 0 1
0.5 0 0 0.5 0 0 0 1
0.8341779 1 -1 0.5 -1 1 0.3182 1
0.5 0 0 0.5 0 1 0 1
0.5 0 0 0.5 0 0 0 1
0.5 0 0 0.5 0 0 0 1
0.5 1 -1 0.75 0 1 0.2263 1
0.9975094 1 0 0.75 0 1 0.6124 1
0.5 1 0 0.5 0 1 0 1
0.823325 1 -1 0.25 0 1 0.6369 1
0.9958464 1 1 1 2 1 0.7906 1
0.7512548 1 -1 0.25 0 1 0.296 0
0.9550367 1 -1 1 3 1 0.6588 1
0.5 0 0 0.5 0 1 0 1
0.5 0 -1 0.5 0 0 0 1
0.5 0 -1 0.75 1 1 0 0
0.5 -1 -1 1 -2 -1 0.6642 1
0.5 1 -1 0.75 1 1 0.3612 1
0.8787521 1 -1 0.75 2 1 0.2732 1
0.5 0 -1 0.5 0 0 0 1
0.5 -1 0 1 -2 -1 0.5096 1
0.5 -1 -1 0.25 -1 -1 0 1
0.5 1 1 0.75 2 1 0.4926 1
0.5 0 -1 0.5 0 0 0 1
0.5 0 -1 0.75 0 1 0 1
0.5 0 -1 0.5 0 0 0 1
0.7960078 0 -1 0.75 0 1 0.4939 1
0.2625182 -1 -1 0.25 -2 -1 -0.34 1
0.5 -1 -1 0.25 -2 -1 0 1
0.5 0 -1 0.25 -1 -1 0 1
0.1150861 0 -1 1 -1 -1 -0.296 1
0.5 0 -1 0.5 0 0 0 1
0.04252052 1 -1 1 0 1 0.25 1
0.03257145 -1 -1 0.25 -1 -1 -0.765 -1
0.5 0 -1 0.5 -1 -1 0 1
0.5 0 -1 0.5 0 0 0 1
0.8174743 1 -1 1 2 0 0.4019 1
0.9336162 1 -1 0.5 1 0 0.4215 1
0.5 0 -1 0.5 0 1 0 1
0.9177879 1 1 1 2 1 0.5859 1
0.08390082 0 0 0.25 0 -1 -0.4767 1
0.1674767 0 -1 1 -1 -1 -0.2023 1
0.9502046 1 -1 0.5 0 1 0.6249 1
0.5 0 -1 0.5 0 0 0 1
0.2250115 -1 -1 0.25 -2 -1 0 1
0.8099224 1 0 0.75 1 1 0.4404 1
0.5 -1 -1 0.25 -1 -1 0 1
0.5 0 0 0.5 1 0 0 1
0.5 0 -1 0.5 0 0 0 1
0.6717276 -1 -1 0.75 -1 -1 0 1
0.1289665 1 0 0.75 0 1 0.2732 1
0.2224688 -1 -1 0.25 0 1 0.2263 1
0.5 0 -1 0.5 -1 -1 0 1
0.8260798 1 -1 0.75 -1 1 0 1
0.8707457 1 1 0.75 -1 1 0.5859 1
0.2258517 1 -1 0.75 0 1 0 1
0.904825 1 -1 0.5 -2 1 0.5244 1
0.5 0 -1 0.75 -1 0 0.128 1
0.9951652 1 1 0.75 0 1 0.7783 1
0.8412791 0 -1 1 1 1 0.5859 1
0.1306879 0 -1 1 -1 -1 -0.296 1
0.8518204 0 1 0.5 1 0 0 1
0.9857685 1 -1 1 0 1 0.7983 1
0.8346502 1 -1 1 -1 1 0.3818 1
0.8706461 1 -1 0.5 -1 1 0.4005 1
0.5 -1 -1 0.25 -1 -1 0 1
0.1172578 0 -1 0.25 -2 -1 -0.5118 1
0.974359 1 -1 1 0 1 0.7003 1
0.5 0 0 0.5 0 0 0 1
0.5 0 -1 0.5 0 0 0 1
0.7970726 1 0 0.75 1 1 0.4019 1
0.8499285 1 0 0.75 1 1 0.2152 1
0.07505718 -1 -1 0.75 -1 -1 0.2057 1
0.5 0 -1 0.5 -1 0 0 0
0.1597939 0 -1 1 -1 -1 -0.296 1
0.5 0 -1 0.25 0 1 0 1
0.5 0 -1 0.5 0 0 0 1
0.5 0 0 0.5 0 0 0.5106 1
0.5 0 0 0.5 1 0 0 1
0.7788429 0 0 0.75 0 1 0.2732 1
0.8039851 1 -1 0.75 0 1 0.3818 1
0.9740893 0 -1 0.75 1 1 0.6486 1
0.250717 0 1 0.25 -2 1 0.0943 1
0.5 0 -1 0.5 0 0 0 1
0.5 0 -1 0.5 0 0 0 1
0.5 1 -1 0.5 1 0 0 1
0.8088568 1 0 0.75 1 1 0.4019 1
0.5 0 0 0.5 0 0 0 1
0.5 0 0 1 0 0 0 1
0.5 0 -1 0.25 0 0 0 1
0.7765392 1 1 0.75 0 1 0.2732 1
0.9441214 1 -1 0.75 1 1 0.5719 1
0.8884406 0 -1 0.5 0 0 0.6166 1
0.5 0 -1 0.5 0 0 0 1
0.5 0 -1 0.5 0 0 0 1
0.1216069 0 -1 0.25 -1 -1 0.0772 1
0.8865351 0 -1 0.5 0 1 0.2732 1
0.02386376 -1 1 0 -2 -1 -0.5294 1
0.1055529 0 0 0.25 0 0 -0.1779 1
0.9455938 1 1 0.75 1 1 0.6114 1
0.8944156 0 -1 0.75 0 1 0.4767 1
0.9149078 1 -1 0.25 0 1 0.223 1
0.1058883 -1 -1 0.25 -1 -1 -0.4019 1
0.7765392 1 1 0.75 0 1 0.2732 1
0.5 0 -1 0.75 0 0 0 1
0.8572067 1 -1 0.5 1 1 0.4404 1
0.9682971 1 -1 0.75 0 0 0.5106 1
0.5 0 0 0.75 0 0 0 1
0.5 0 -1 0.75 0 0 0 1
0.2572287 0 -1 0.5 0 0 0 1
0.9741178 0 -1 1 0 1 0.7003 1
0.5 0 -1 0.5 0 0 0 1
0.5 0 -1 0.5 1 -1 0 1
0.9942135 0 -1 0.75 1 1 0.6705 1
0.5 0 -1 0.75 0 0 0 1
0.5 0 -1 0.25 0 -1 0 1
0.5 1 1 0.75 1 1 0.3612 1
0.5 0 -1 0.5 0 1 0 1
0.9479909 0 -1 0.75 0 1 0.6249 1
0.5 0 0 0.5 0 0 0 1
0.9484726 1 1 1 2 1 0.6249 1
0.5 1 -1 1 1 1 0 1
0.9372137 1 0 1 3 1 0.6588 1
0.8458407 1 0 0.75 2 1 0.6808 1
0.5 0 -1 0.75 1 0 0.4019 1
0.9041012 0 0 0.25 -2 1 0.128 1
0.5 0 -1 0.5 0 0 0 1
0.008814633 -1 -1 0.25 -1 0 -0.3612 1
0.2423202 1 -1 0.25 0 1 0.1531 1
0.06708545 0 -1 0.5 0 -1 0.0382 1
0.8099275 -1 0 0.75 1 0 0.4753 1
0.8809531 -1 -1 0.5 0 -1 0.0516 1
0.8222369 1 -1 0.5 0 0 -0.0516 1
0.1810596 -1 -1 0.5 1 1 0.3313 1
0.7675771 1 0 0.75 1 1 0.7964 1
0.8434928 0 -1 0.5 1 1 0.4939 1
0.5 0 0 0.5 0 0 0 1
0.5 0 -1 0.75 0 -1 0.2057 1
0.5 0 -1 0.5 0 0 0 1
0.5 0 0 0.5 0 0 0 1
0.07389373 -1 0 0.25 1 1 0.5147 1
0.5 0 -1 0.5 0 0 0 1
0.5 0 -1 0.25 1 1 0.3802 1
0.5 1 1 0.75 1 1 0.4404 1
0.7707982 1 1 0.75 0 1 0.4101 1
0.5 0 -1 0.5 0 -1 0 1
0.5 0 -1 0.5 1 0 0 -1
0.5 1 1 0.75 0 1 0 1
0.5 0 -1 0.5 0 0 0 1
0.5 0 -1 0.75 0 0 0 0
0.5 0 1 0.25 1 -1 0 1
0.2653005 -1 1 0.75 1 1 0.4404 1
0.2736318 0 0 0.5 0 0 0 0
0.5 -1 -1 0.5 0 -1 0 -1
0.5 0 -1 0.5 1 0 0 1
0.24504 -1 0 0.75 1 1 0.4939 1
0.9660954 0 0 0.75 1 0 0.4588 1
0.85508 1 0 0.75 2 1 0.5574 1
0.1997648 0 -1 0.5 -3 -1 -0.6688 1
0.5 0 0 0.5 0 0 0 1
0.8899087 1 -1 0.25 -1 1 -0.128 1
0.5 1 -1 1 0 1 0.4215 1
0.7654475 1 -1 1 0 1 0.4215 1
0.1103185 1 0 1 1 1 0.2263 1
0.8403261 0 -1 0.5 0 -1 -0.5994 1
0.07745011 -1 -1 0.25 -1 -1 -0.4215 1
0.2343498 0 -1 0.25 0 -1 -0.6369 1
0.5 0 0 0.5 1 0 0 1
0.888583 1 0 1 2 1 0.6369 1
0.8311692 1 0 0.75 0 1 0.3818 1
0.2531455 0 -1 0.25 -2 -1 -0.5994 1
0.5 1 -1 0.75 1 1 0.4404 1
0.8011858 0 0 0.75 -2 -1 -0.5994 1
0.82254 1 -1 0.75 2 1 0.3818 1
0.2585468 -1 -1 0.5 0 0 0 1
0.5 0 -1 0.5 0 0 0 1
0.2335675 0 -1 0.5 0 0 0 1
0.2447452 0 -1 0.75 -2 -1 -0.5994 1
0.5 1 -1 0.75 1 1 0.4091 1
0.1963063 0 -1 0.5 0 1 -0.1027 1
0.5 1 1 0.75 1 1 0.6046 1
0.5 0 -1 0.5 0 0 -0.296 1
0.7696066 0 0 0.25 -2 -1 -0.5994 1
0.07896277 -1 -1 0.25 -2 -1 -0.6124 1
0.5 0 0 0.5 0 0 0 1
0.5 0 0 0.5 0 -1 -0.296 1
0.9247595 0 1 0.5 1 -1 0 1
0.5 0 0 0.5 0 0 0 1
0.5 -1 -1 0.75 -1 -1 0.25 1
0.9247595 0 -1 0.5 0 -1 0 1
0.1656992 -1 1 0.25 -2 -1 -0.5574 1
0.5 -1 -1 0.25 -1 -1 -0.34 1
0.9395726 1 -1 0.75 1 1 0.4588 1
0.5 0 -1 0.5 0 1 0 1
0.5 1 1 0.75 1 1 0.5423 1
0.006823241 -1 -1 0.5 -2 -1 -0.6808 1
0.9782664 1 1 1 1 1 0.6588 1
0.8453094 -1 -1 0.25 -2 1 0.1531 1
0.5 0 0 0.5 0 0 0 1
0.5 0 -1 0.5 0 0 0 1
0.1336716 -1 -1 0.75 -1 -1 0.2584 0
0.5 -1 -1 0.5 0 -1 0 1
0.154994 1 -1 0.75 -1 1 -0.2263 1
0.06030952 -1 -1 0.25 -1 -1 -0.4767 1
0.5 1 -1 0.75 0 1 0 1
0.5 0 0 0.5 0 0 0 1
0.5 0 0 0.5 0 -1 0 1
0.5 1 1 0.75 1 1 0.4019 1
0.9033215 1 -1 0.25 -1 1 -0.0026 1
0.8326688 1 1 1 1 1 0.6239 1
0.1958897 -1 -1 0.25 -2 -1 -0.3818 1
0.5 0 -1 0.25 0 -1 0 1
0.5 0 -1 0.5 0 0 0 1
0.8239021 0 -1 0.5 0 1 0.2263 1
0.5 0 -1 0.5 1 0 0 1
0.8271025 1 -1 0.75 0 1 0.1531 1
0.8596011 1 0 1 3 1 0.8519 1
0.8776289 1 -1 0.5 -1 1 0.2023 1
0.5 1 -1 1 -1 -1 0 1
0.09000936 -1 0 1 -1 -1 0.4158 1
0.03224002 0 -1 0.75 0 -1 -0.8872 1
0.782932 1 1 0.75 2 1 0.7269 1
0.5 0 -1 0.5 0 0 0 1
0.5 -1 -1 0.25 0 -1 0 1
0.5 0 0 0.5 0 0 0 1
0.883231 1 1 0.5 0 1 0 1
0.9055312 1 -1 0.75 0 1 0.6597 1
0.8951796 1 -1 1 1 1 0.5859 1
0.2066453 -1 -1 0.25 -2 -1 -0.6908 1
0.8867498 1 -1 0.75 0 1 0.5023 1
0.1004651 0 -1 0.75 -2 1 0.6369 1
0.8025339 -1 1 0.25 -3 -1 0 1
0.8963452 1 0 0.75 2 1 0.555 1
0.7470063 0 1 0.25 -3 -1 -0.2263 1
0.7980122 1 -1 1 0 1 0.5106 1
0.2506013 -1 -1 1 0 -1 -0.7326 1
0.8578811 1 1 0.75 1 1 0.6114 1
0.9921696 1 -1 1 1 1 0.836 1
0.5 0 -1 0.5 0 0 0 1
0.5 0 -1 0.5 0 0 0 1
0.8808164 0 0 0.5 1 0 0.4588 1
0.9780215 1 0 1 2 1 0.7845 1
0.5 -1 -1 0.75 -1 -1 0 1
0.2229286 0 -1 0.75 -3 -1 -0.5939 1
0.5 0 1 0.5 0 0 0 1
0.9675906 1 1 1 3 1 0.8271 1
0.8735491 1 -1 0.5 -1 1 0.4215 1
0.9224361 1 -1 0.75 1 1 0.4019 1
0.8169228 1 -1 0.75 1 1 0.7096 0
0.5 0 -1 0.75 0 1 0 1
0.5 0 -1 0.5 1 0 0 1
0.5 0 -1 0.5 0 0 0 1
0.5 0 -1 0.5 1 0 0 1
0.7890439 0 -1 0.5 0 1 0 1
0.5 0 -1 0.5 0 0 0 1
0.5 0 0 0.5 0 1 0 1
0.8023807 0 -1 0.75 0 -1 0.4019 1
0.5 1 0 0.75 0 1 0.3818 1
0.04541546 -1 -1 0.5 -2 -1 -0.1779 1
0.5 0 0 0.5 0 0 0 1
0.2526586 -1 -1 0.5 -2 -1 -0.6597 1
0.7647452 1 1 0.75 0 1 0.4404 1
0.5 0 0 0.75 0 0 0 1
0.8773686 0 0 0.75 0 1 0 1
0.04814831 1 -1 0.5 1 0 -0.0134 1
0.9336712 0 0 0.75 0 1 0.3818 1
0.5 1 -1 0.5 0 1 0 1
0.5 0 -1 0.5 0 0 0 1
0.5 0 -1 0.25 -1 0 0 1
0.7633731 0 -1 0.25 0 -1 -0.1139 1
0.5 -1 -1 0.5 -1 -1 0 1
0.5 0 0 0.5 0 0 0 1
0.5 0 0 0.5 0 0 0 1
0.5 0 1 0.5 1 0 0 1
0.9955667 1 -1 0.75 1 1 0.6124 1
0.9873256 1 -1 1 2 1 0.6249 1
0.5 0 -1 0.75 0 1 0.4576 1
0.2052404 1 -1 0.25 -1 1 0.3182 1
0.3036478 -1 0 0.5 -1 -1 -0.5106 1
0.8291258 -1 -1 0.25 -1 -1 -0.3182 1
0.1678462 0 -1 0.5 1 0 0.1511 1
0.5 0 1 0.5 0 0 0 1
0.1023275 -1 -1 0.75 -1 -1 0 1
0.5 1 1 0.75 1 1 0.3612 1
0.9132528 0 0 0.75 0 1 0 1
0.1394312 -1 -1 0 0 -1 -0.3182 1
0.7425707 1 -1 0.75 1 1 0.4404 1
0.5 0 0 0.5 0 0 0 1
0.5 0 -1 0.5 0 0 0 1
0.9634163 1 0 0.75 0 1 0.4019 1
0.5 1 -1 0.75 0 1 0 1
0.7374881 1 0 0.75 0 1 0.3818 1
0.5 1 1 0.75 -1 0 0 1
0.5 1 -1 0.5 0 1 -0.296 1
0.5 -1 -1 0.5 0 0 0 1
0.5 0 -1 0.5 0 0 0 0
0.9734267 1 1 1 3 1 0.8409 1
0.893603 0 -1 0.75 0 0 -0.1531 1
0.5 0 1 0.5 1 0 0.3382 1
0.895023 1 -1 0 1 1 0.4588 1
0.9670719 1 1 1 0 1 0.5095 1
0.5 0 0 0.75 0 1 0.2732 1
0.9953664 1 -1 0.75 1 1 0.6249 1
0.9704149 0 1 0.5 0 0 0.5106 1
0.5 0 -1 0.5 0 0 0 1
0.7344297 1 -1 1 0 1 0.0258 1
0.8080592 0 -1 0.75 0 -1 0.5267 1
0.2503055 0 -1 0.25 -1 0 0.2382 1
0.5 0 0 0.5 0 0 0 1
0.8196523 0 0 0.75 -2 0 0.5106 1
0.01320313 -1 -1 0.25 -3 -1 -0.4985 1
0.8544505 0 0 0.5 1 0 0.34 1
0.9877618 1 -1 0.75 1 1 0.4588 1
0.9293808 1 1 1 2 1 0.6249 1
0.9993199 1 1 1 4 1 0.9097 1
0.1655569 -1 -1 0.25 -3 -1 -0.5994 1
0.5 1 1 0.5 1 1 0.34 1
0.06698408 -1 -1 0 -2 -1 -0.5267 -1
0.9414631 1 1 0.75 -1 1 -0.0258 1
0.9888276 1 1 0.75 1 1 0.7269 1
0.5 0 -1 0.5 0 0 0 1
0.8677753 1 1 0.75 0 1 0.5719 1
0.5 0 -1 1 -1 0 0 1
0.8794433 0 1 0.75 0 1 0.296 1
0.9923489 1 1 0.75 2 1 0.7351 1
0.9531879 0 -1 0.75 -1 1 0.2732 1
0.5 0 1 0.75 1 1 0.3595 1
0.9073838 0 -1 0.75 0 1 0.2492 1
0.9513815 -1 -1 0.75 -1 -1 0.6289 1
0.9878437 1 1 0.75 1 1 0.7506 1
0.9626957 1 -1 0.75 2 1 0.4215 1
0.7198528 1 -1 0.75 1 1 0.4404 1
0.7823428 1 1 0.75 1 1 0.5267 1
0.7789404 1 -1 1 2 1 0.5423 1
0.8660867 0 1 0.75 0 1 0.296 1
0.08135063 -1 -1 0.5 -2 -1 -0.2732 1
0.86674 0 1 0.75 0 1 0.296 1
0.5 1 1 0.75 0 1 0 1
0.5 1 1 0.75 -1 1 0 1
0.9710289 1 1 0.75 0 1 0.5719 1
0.1179033 1 -1 0.75 0 1 -0.1154 1
0.9849285 1 1 0.75 2 1 0.4753 1
0.1499191 -1 -1 0 -3 -1 -0.6808 1
0.5 0 0 0.5 1 0 0 1
0.9654154 1 0 0.75 0 1 0.4404 1
0.003770688 -1 -1 0.25 -3 -1 -0.8555 1
0.5 0 -1 0.5 -1 -1 -0.5574 1
0.5 0 -1 0.5 0 0 0 1
0.1729327 -1 0 0 1 -1 -0.4153 1
0.5 0 1 0.5 2 0 0 1
0.9837839 1 -1 0.75 0 1 0.6597 1
0.976129 1 0 0.75 1 1 0.8402 1
0.5 1 1 0.75 1 1 0 1
0.9958364 0 1 0.75 -1 0 0.8356 1
0.9091246 1 -1 0.75 1 1 0.6597 1
0.5 -1 -1 0.25 1 -1 0 1
0.951561 0 0 0.75 2 0 0.796 0
0.9728468 1 0 1 2 1 0.6369 1
0.5 0 0 0.5 0 0 0 1
0.7638771 0 -1 0.5 1 0 0.4389 1
0.9620425 1 1 0.75 0 1 0.5719 1
0.9191208 1 -1 0.75 1 1 0.6739 1
0.7647352 1 0 0.5 0 1 0 1
0.9413108 1 -1 0.75 1 1 0.2144 1
0.5 -1 -1 0.25 0 1 0 1
0.5 0 1 0.5 1 0 0 1
0.9024268 1 1 0.75 1 1 0.7351 1
0.2498121 -1 -1 0.25 -1 -1 0 1
0.5 1 0 0.75 1 1 0 1
0.7531603 0 0 0.25 1 1 0.508 0
0.5 1 0 0.75 0 1 0.5719 1
0.9634413 1 1 1 2 1 0.8356 1
0.9644581 0 1 0.75 1 1 0.4404 1
0.5 0 -1 0.5 -1 1 0.4215 1
0.5 1 -1 0.75 0 1 0.2382 1
0.1707389 -1 -1 0.5 1 0 0.34 1
0.01753202 -1 -1 0 -2 0 -0.7269 1
0.9822961 -1 0 0.75 2 1 0.8725 1
0.5 1 -1 0.75 0 1 0 1
0.5 0 -1 0.5 0 0 0 1
0.1044638 -1 -1 0.25 -1 -1 0.0258 1
0.2204199 0 -1 0.5 1 1 0.4574 1
0.9987137 1 -1 1 3 1 0.891 1
0.9143342 1 1 0.75 1 1 0.4215 1
0.5 1 -1 0.5 2 1 0.4199 1
0.5 1 -1 0.75 0 1 0.2382 1
0.9735472 1 1 0.75 2 1 0.4753 1
0.2498121 -1 -1 0.25 -1 -1 0 1
0.5 1 0 0.75 1 1 -0.296 1
0.922677 1 1 0.75 1 1 0.5994 1
0.5 0 1 0.5 1 0 0.4574 1
0.9920755 1 -1 0.25 1 1 0.9094 0
0.9889289 0 0 0.5 0 1 0.4588 1
0.9547582 0 -1 0.5 0 1 0.25 1
0.9925684 1 1 0.75 1 1 0.8519 1
0.5 1 1 0.75 1 1 0.6114 1
0.8405948 1 0 1 0 1 0.3612 1
0.5 1 1 0.75 0 1 0.5719 1
0.9330866 1 -1 0.75 0 1 0.4404 1
0.5 0 0 0.5 0 0 0 1
0.9793997 1 1 0.75 1 1 0.6808 1
0.07050694 -1 0 0.25 -1 -1 -0.68 -1
0.8309069 1 -1 0.75 0 1 0.5859 1
0.5 0 -1 0.75 0 1 0.2732 1
0.9708315 1 -1 1 0 1 0.8126 1
0.9137957 1 -1 0.75 1 1 0.6705 0
0.9801138 1 1 0.75 0 1 0.6808 1
0.9672395 1 1 0.75 1 1 0.4404 1
0.988802 1 1 0.75 1 1 0.8271 1
0.9230187 1 1 0.75 3 1 0.8011 1
0.5 0 1 0.75 0 1 0 1
0.5 -1 -1 0.25 -2 -1 0 1
0.1754718 -1 0 0.25 -1 -1 -0.6908 1
0.8712589 1 1 0.75 1 1 0.6705 1
0.2746421 0 -1 0.25 -2 -1 -0.5994 1
0.5 0 -1 0.5 0 1 0 1
0.8902664 1 1 0.75 1 1 0.6486 1
0.8640735 1 1 0.75 1 1 0.4199 0
0.05219696 -1 -1 0.25 -1 1 0.0258 1
0.5 1 1 0.75 0 1 0.5719 1
0.5 0 -1 0.5 0 0 0 1
0.5 0 -1 0.5 0 1 0 0
0.7601999 1 1 0.75 1 1 0 1
0.9264685 1 1 0.75 1 1 0.4215 -1
0.9939946 1 1 1 2 1 0.7964 1
0.9740947 0 -1 0.75 1 1 0.8436 1
0.2529998 0 -1 0.5 0 -1 -0.3818 1
0.8629554 0 0 0.5 0 0 0.3182 1
0.8855976 1 -1 0.5 1 1 0.5423 1
0.8715823 1 1 0.75 0 1 0.8402 1
0.8010864 1 1 0.75 1 1 0.4404 1
0.9223948 1 1 0.75 2 1 0.8016 1
0.5 0 0 0.5 1 0 0 1
0.9441859 1 0 0.75 1 1 0.4404 1
0.9800037 0 0 0.75 0 1 0.3612 1
0.9157328 1 0 0.5 0 1 0.644 -1
0.5 0 0 0.5 1 0 0 1
0.1587317 -1 -1 0.25 -1 -1 -0.4767 1
0.8753036 1 -1 0.5 0 1 -0.033 1
0.9568035 1 -1 1 1 1 0.7886 1
0.8133252 1 0 0.75 2 1 0.7089 1
0.5 0 0 0.5 0 0 0 1
0.5 0 -1 0.5 0 0 0 1
0.5 0 1 0.5 0 0 0 1
0.5 -1 1 0.5 0 1 0 1
0.5 1 -1 0.75 0 1 0 1
0.8010864 1 1 0.75 1 1 0.4404 1
0.8010886 1 1 0.75 3 1 0.8065 1
0.8393439 0 -1 0.5 0 1 0.1943 1
0.8689151 1 0 0.5 1 0 0 1
0.777822 -1 -1 0.5 0 -1 0 1
0.2927078 0 -1 0.5 1 1 0 1
0.9203057 1 1 0.75 0 1 0.5719 1
0.9327556 1 1 0.75 0 1 0.5719 1
0.5 0 -1 0.75 1 -1 0.2401 1
0.8865637 1 -1 0.75 2 1 0.6027 1
0.5 1 -1 0.75 0 1 0.5719 1
0.5 0 0 0.5 1 0 0 1
0.8865637 1 1 0.75 2 1 0.4926 1
0.9321459 1 1 0.75 1 1 0.5859 1
0.5 1 0 0.5 1 0 0.5255 1
0.5 1 -1 0.75 0 1 0.2732 1
0.8992884 1 1 1 2 1 0.7326 1
0.7388818 0 -1 0.5 1 0 0 1
0.5 1 0 0.75 1 1 0.7199 1
0.7536459 1 1 1 1 1 0.4404 1
0.9533136 1 1 0.75 2 1 0.6908 1
0.94704 1 1 0.75 0 1 0.5719 1
0.9981606 1 1 0.75 3 1 0.7901 1
0.8272822 1 1 0.75 0 1 0.4404 1
0.9603996 1 0 0.75 2 1 0.7177 1
0.5 1 1 0.75 0 1 0.3291 0
0.5 1 1 0.75 1 1 0.4404 1
0.7938748 1 0 0.75 0 1 0.5423 1
0.7917005 1 0 0.5 2 0 0 1
0.9170116 1 0 0.75 1 1 0.4215 1
0.9386864 1 -1 0.75 -1 1 -0.1779 1
0.5 1 1 0.75 0 1 0.5719 1
0.9997356 1 1 0.75 2 1 0.7772 1
0.790263 1 1 1 -2 -1 0.0772 1
0.9514244 1 1 0.75 1 1 0.5859 1
0.9166965 1 -1 0.75 1 1 0.7531 1
0.932821 1 -1 0.75 -1 1 0 1
0.7946764 1 0 0.5 0 1 0 1
0.7449028 0 1 1 2 0 0.6249 1
0.5 1 1 0.75 1 1 0.4404 1
0.9528898 0 1 0.25 -1 0 0.4019 1
0.5 1 1 0.75 0 1 0.5719 1
0.7963296 -1 -1 0.25 0 0 0.2244 1
0.5 1 0 0.75 1 1 0.3612 1
0.5 0 0 0.5 2 0 0 1
0.9930568 1 1 0.75 1 1 0.8668 1
0.5 1 0 0.75 -1 1 0 1
0.5 0 0 0.5 1 0 0 1
0.9650475 1 1 1 3 1 0.7845 1
0.8969651 0 -1 0.75 1 1 0.2115 1
0.5 1 1 0.75 0 1 0.5719 1
0.1887887 -1 -1 0.5 1 0 0.5754 1
0.5 1 1 1 2 1 0.6369 1
0.807672 0 1 0.75 -1 1 0.5719 1
0.686196 1 -1 0.75 -1 1 0.2732 1
0.5 1 1 0.75 0 1 0.5719 1
0.1809746 1 1 1 1 1 0.7902 1
0.7808974 1 0 0.5 2 0 0.7431 1
0.8865637 1 1 0.75 1 1 0.4926 1
0.9975779 1 0 0.75 2 1 0.8268 1
0.9923258 1 1 1 3 1 0.8217 1
0.9592416 1 -1 0.75 0 1 0.8271 0
0.831707 0 -1 1 2 1 0.6249 1
0.9926708 0 0 0.75 1 1 0.6249 1
0.5 0 0 0.5 0 0 0 1
0.9904869 1 0 0.75 2 0 0.7712 1
0.5 0 -1 0.75 2 -1 0 1
0.9208751 1 -1 0.5 0 1 0.7269 1
0.8149237 1 1 0.75 1 1 0.6784 1
0.8863675 1 -1 0.75 0 1 0.7506 1
0.9741931 1 1 0.75 0 1 0.6188 1
0.5 0 0 0.5 0 0 0 1
0.5 0 0 0.5 0 0 0 1
0.8853858 1 -1 0.5 2 1 0.4754 1
0.8857863 1 1 0.75 0 1 0.9153 0
0.8061752 1 0 0.75 1 1 0.4404 1
0.7914023 -1 0 0.75 1 1 0.128 1
0.7701906 1 0 0.75 1 1 0 1
0.8005182 1 1 0.75 1 1 0.6467 1
0.8919964 1 1 0.75 0 1 0.5719 1
0.8042733 1 1 0.75 2 1 0.4926 0
0.5 1 1 0.75 1 1 0.6476 1
0.5 0 -1 0.5 1 0 0 0
0.2468767 0 0 0.75 1 1 0.4939 1
0.5 0 -1 0.5 0 0 0 1
0.8934415 1 1 0.75 1 1 0.4561 1
0.5 0 0 0.5 1 0 0 1
0.5 0 1 0.75 2 1 0 1
0.9949044 1 0 0.75 1 1 0.6908 1
0.5 0 0 0.75 1 1 0.4404 1
0.8488685 0 -1 0.75 1 1 0.5452 1
0.997076 1 1 0.75 2 1 0.8497 1
0.7611566 1 0 1 1 1 0.5859 1
0.9868993 1 0 0.75 1 1 0.7184 1
0.1164878 0 -1 0.25 0 -1 -0.2235 1
0.9020896 1 -1 0 0 1 0.3384 1
0.8953509 1 1 1 2 1 0.7351 1
0.5 1 0 0.25 1 1 0 1
0.7588363 0 -1 0.5 1 0 0.1779 1
0.5 0 0 0.5 0 0 0 1
0.8739416 1 1 0.75 0 1 0 1
0.5 0 -1 0.5 0 1 0.3919 1
0.5 1 -1 1 0 1 0.3291 0
0.9301057 1 1 1 1 1 0.765 1
0.8857863 1 1 0.75 0 1 0.9153 0
0.9291059 1 0 1 0 1 0.5106 1
0.9838896 1 1 0.75 2 1 0.8143 1
0.5 0 -1 0.75 -1 -1 0 1
0.9948401 1 1 1 2 1 0.6249 1
0.5 0 0 0.5 0 0 0 1
0.9385673 0 -1 0.75 0 1 0.3612 1
0.99697 1 0 0.75 1 1 0.743 1
0.5 0 0 0.5 0 0 0 1
0.7826745 1 0 1 2 1 0 1
0.9162581 1 1 0.75 1 1 0.881 1
0.8370181 1 -1 0.75 1 1 0.7003 1
0.2128347 0 -1 0.25 1 -1 0.4753 1
0.5 1 0 0.75 0 1 0.5719 1
0.5 1 0 0.5 1 1 0.2975 1
0.9740893 1 -1 0.75 0 1 0.6597 1
0.5 0 -1 0.5 0 0 0 1
0.6995238 1 -1 0.75 1 1 0.4404 1
0.9866695 1 1 0.75 2 1 0.6239 1
0.9244394 1 1 0.75 2 1 0.4215 0
0.22991 1 -1 0.5 0 1 -0.1531 1
0.5 0 -1 0.5 0 0 0 1
0.5 1 1 0.75 0 1 0.5859 1
0.8165583 1 1 0.75 0 1 0.5719 1
0.7826745 1 0 1 2 1 0 1
0.9316235 0 -1 0.75 0 1 0.3612 1
0.5 0 1 0.75 0 0 0.296 1
0.8450911 0 -1 0.5 -1 0 -0.0202 1
0.1298421 1 -1 0.5 1 0 0.3612 1
0.5 1 1 0.75 0 1 0 1
0.5 1 -1 0.75 0 1 0 1
0.9316235 0 -1 0.75 0 1 0.3612 1
0.9350724 1 1 0.75 0 1 0.7506 1
0.9439972 1 1 1 1 1 0.5106 1
0.09495189 -1 -1 0.75 0 -1 0.0516 1
0.9011766 0 0 0.75 -2 -1 0.1779 1
0.3099639 0 -1 0.5 -1 0 0.6281 1
0.9167522 1 1 0.75 1 1 0.4019 1
0.5 0 -1 0.5 0 0 0.3182 1
0.9718033 0 0 0.5 0 1 0.4019 1
0.7494999 1 0 0.5 1 0 0.1027 1
0.5 1 -1 0.75 1 -1 0.3612 1
0.9975809 1 1 0.75 2 1 0.7351 1
0.8210603 1 -1 0.75 0 1 0.5719 1
0.9215852 0 -1 0.75 0 1 -0.1847 1
0.5 0 0 0.5 1 0 0 1
0.8909907 1 0 0.75 0 1 0.4404 1
0.9656896 1 1 0.75 2 1 0.7088 1
0.1074759 0 -1 0.75 -1 -1 0.8292 1
0.5 0 -1 0.75 0 1 0 1
0.5 -1 0 0.5 0 1 0 1
0.09987319 0 -1 0.75 1 0 0.6996 1
0.9716565 0 -1 0.75 1 1 0.8294 1
0.9552055 1 1 1 1 1 0.8182 1
0.9858823 1 1 0.75 0 1 0.8204 1
0.952225 1 1 1 2 1 0.6249 1
0.8102595 0 -1 0.75 0 1 0.3612 1
0.5 1 -1 0.75 1 1 0 1
0.8778589 1 0 0.5 1 1 0.6369 1
0.7262135 1 0 0.75 1 1 0.5106 1
0.5 0 -1 0.5 0 0 0 1
0.5 0 0 0.5 1 0 0 1
0.7900478 0 -1 0.75 2 0 0.8225 1
0.1296638 -1 -1 0.25 0 -1 -0.2263 1
0.03858391 -1 -1 0.75 -1 -1 0.431 1
0.7572849 1 1 0.75 2 1 0.5859 1
0.5 0 -1 0.5 0 0 0 1
0.8392589 0 1 0.75 0 1 0.1901 1
0.5 1 -1 0.75 0 1 0 1
0.9939985 1 1 1 4 1 0.8303 1
0.5 1 0 0.75 1 1 0.3382 1
0.2373385 1 -1 0.75 1 1 0.128 1
0.5 1 0 0.75 0 1 0 1
0.9267019 1 0 0.75 2 1 0.68 1
0.8730061 1 1 0.75 0 1 0.5719 1
0.9940569 1 -1 0.75 1 1 0.7311 1
0.883733 1 -1 0.75 2 1 0.4939 1
0.9058921 1 1 1 2 1 0.6249 1
0.9909493 1 1 0.75 2 1 0.6124 1
0.9950735 1 -1 0.75 2 1 0.9013 1
0.75911 1 -1 0.75 1 1 0.6808 1
0.5 0 -1 0.5 0 1 0 1
0.5 1 0 0.75 1 1 0.4215 1
0.5 1 1 1 2 1 0.6588 1
0.8649991 1 1 0.75 0 1 0.5719 1
0.995192 1 -1 0.75 1 1 0.8516 1
0.5 0 0 0.75 0 -1 -0.296 1
0.5 0 -1 0.5 0 0 0 1
0.0008118877 -1 -1 0.25 -3 -1 -0.7717 1
0.9950789 1 1 1 2 1 0.9513 1
0.8173558 1 1 0.75 1 1 -0.0253 1
0.9975329 1 1 0.75 1 1 0.8678 1
0.8677499 1 -1 0.75 0 1 0.3612 1
0.8638303 1 0 0.75 1 1 0.7351 1
0.9633064 1 -1 0.25 0 1 0.4404 1
0.9763696 1 -1 0.75 2 1 0.9013 1
0.9205645 1 -1 0.75 0 1 0.5927 1
0.9950735 1 -1 0.75 2 1 0.9013 1
0.8506825 1 1 0.75 1 1 0.6597 1
0.9498295 1 1 0.75 0 1 0.4404 1
0.1563236 0 1 0.25 -1 0 0.1036 1
0.9806888 1 1 0.75 0 1 0.7717 1
0.7500849 1 -1 0.75 1 1 0.4404 1
0.9596798 1 1 0.75 1 1 0.8316 1
0.8901051 1 1 0.75 0 1 0.5719 1
0.5 0 -1 0.5 0 0 0 1
0.8977497 0 -1 0.75 0 1 0.2732 1
0.8521102 0 -1 0.75 0 0 0.7703 1
0.957529 1 1 0.75 0 1 0.4404 0
0.2011202 1 0 0.75 1 1 0.4215 1
0.8223852 1 -1 0.75 0 1 0.5719 1
0.8975023 1 1 0.75 3 1 0.7513 1
0.5 0 0 0 0 -1 0 1
0.9569834 1 1 1 2 1 0.6369 1
0.9725128 1 1 0.5 1 1 0.8519 1
0.9907962 1 1 0.75 2 1 0.5106 1
0.942095 1 -1 1 1 1 0.802 1
0.8269977 1 1 1 0 1 0.765 1
0.867342 1 -1 0.75 1 1 0.5859 1
0.6957061 0 -1 0.25 -1 -1 0 1
0.9037917 0 0 0.75 0 0 0.7672 1
0.5 1 1 1 0 1 0.3384 1
0.9927892 1 -1 0.75 1 1 0.6124 1
0.9615959 1 1 0.75 2 1 0.4753 1
0.7585989 1 0 0.5 2 1 0 1
0.270465 -1 -1 0.25 -4 -1 -0.3595 1
0.004209746 0 -1 0.25 -1 0 -0.5423 1
0.9699223 1 0 0.75 1 1 0.6808 1
0.906788 1 -1 0.25 0 1 0.3818 1
0.793718 -1 1 0.75 2 0 0.2565 1
0.971259 1 1 0.75 2 1 0.8402 1
0.04574561 -1 -1 0.75 -1 0 -0.128 1
0.1767274 0 0 0.75 2 0 0.7096 1
0.2363714 0 0 0.5 2 0 0.2617 1
0.9656395 1 0 0.75 0 1 0.34 1
0.9413951 1 1 0.75 1 1 0.5302 1
0.5 0 -1 0.5 0 0 0 1
0.8450389 1 1 0.75 2 1 0 1
0.2200897 0 -1 0.5 -1 1 0 1
0.7553561 1 1 1 3 1 0.6696 1
0.2244048 1 -1 0.5 2 1 0.3653 1
0.9633709 1 -1 1 0 1 0.7818 1
0.2007602 1 -1 0.75 -1 1 0.7096 1
0.730935 1 -1 0.75 -1 1 -0.3818 1
0.5 1 -1 0.75 0 1 0 1
0.8306974 1 -1 0.75 1 1 0.2144 1
0.5 1 0 1 2 0 0.6369 1
0.5 0 0 0.75 1 1 0.3382 1
0.8675493 0 1 0.5 1 -1 0.2228 1
0.5 1 -1 1 0 0 0.5766 1
0.5 0 0 0.75 1 1 0.3382 1
0.7870982 1 1 0.75 1 1 0.4404 1
0.5 0 0 0.75 1 1 0.3382 1
0.5 0 0 0.75 1 1 0 1
0.988481 1 1 0.75 -2 1 0.8176 1
0.95867 1 -1 0.75 2 1 0.5859 1
0.5 1 -1 0.75 1 1 0.4215 1
0.8559163 1 1 0.75 0 1 0.5719 1
0.9447551 1 -1 1 0 1 0.6249 1
0.7861474 1 1 0.5 1 1 0.4404 1
0.1627202 0 0 0.25 -1 -1 -0.3182 1
0.5 1 -1 0.5 0 1 0 1
0.8623699 1 -1 0.75 -1 1 0.34 1
0.8644358 1 -1 0.75 0 1 0.7201 1
0.8849014 1 -1 0.75 1 1 0.5622 1
0.8833344 1 1 0.5 2 1 0.4926 1
0.9341951 1 1 1 2 1 0.8612 1
0.1815224 1 0 0.5 2 1 0.0253 1
0.204898 0 0 0.25 0 -1 -0.34 1
0.9759252 1 1 0.75 2 1 0.7906 1
0.9888914 0 0 1 1 0 0.7125 1
0.5 0 -1 0.5 0 -1 0 1
0.5 1 1 1 0 1 0.3384 1
0.5 0 1 0.5 1 0 0 1
0.9791375 1 1 0.75 0 1 0.7269 1
0.9317802 1 1 0.75 2 1 0.6705 1
0.8156588 1 1 0.75 0 1 0.5719 1
0.5 0 -1 0.5 0 1 0 0
0.8710673 0 0 0.5 -2 0 -0.2714 1
0.5 1 0 0.5 0 1 0 1
0.5 0 0 0.5 0 0 0 1
0.5 1 1 0.75 1 1 0.4019 1
0.7171131 0 -1 0.5 -3 -1 -0.296 0
0.5 0 0 0.5 0 0 0 0
0.187269 0 -1 1 0 1 0 0
0.5 0 0 0.25 0 0 0 0
0.8020532 -1 0 0.75 -1 -1 0.4215 0
0.2553909 0 -1 0.75 0 -1 0 0
0.5 -1 -1 0.5 0 0 0 0
0.5 0 -1 0.5 0 0 0 0
0.5 0 -1 0.5 1 0 0 0
0.5 0 -1 0.25 -1 0 0.3612 0
0.1340922 1 1 0.5 1 -1 0.34 0
0.5 0 -1 1 -1 -1 -0.4215 0
0.5 0 -1 0.5 0 0 0 0
0.8288518 1 0 0.75 0 1 0.3818 0
0.5 -1 -1 0.5 -1 -1 0 0
0.9842542 1 0 0.75 1 1 0.5719 0
0.5 0 0 0.5 0 0 0 0
0.08526228 -1 -1 0.25 -1 0 -0.6249 0
0.03040644 -1 -1 1 -2 -1 -0.5563 0
0.981813 1 -1 0.75 2 1 0.8588 0
0.5 0 -1 0.5 0 0 0 0
0.9786232 0 -1 0.75 2 1 0.4215 0
0.5 0 -1 0.5 0 0 0 0
0.937838 1 1 1 1 1 0.6114 0
0.2318547 1 0 0.25 1 1 0.6239 0
0.7355586 -1 -1 0.5 -1 -1 -0.4588 0
0.8843857 1 -1 0.5 0 -1 0 0
0.8488683 1 -1 0.5 0 0 0.6486 0
0.0228635 0 -1 0.25 0 -1 -0.4588 0
0.0283347 -1 -1 0.25 -2 -1 -0.765 0
0.7812553 0 -1 0.5 0 0 -0.2755 0
0.5 0 0 0.5 0 0 0 0
0.9787145 1 -1 0.5 0 0 0.4404 0
0.1286217 -1 -1 0.5 0 -1 -0.0516 0
0.5 0 -1 0.5 0 0 0 0
0.0669741 -1 -1 0.25 -2 -1 -0.5106 0
0.2604665 0 -1 0.25 0 1 -0.3089 0
0.2342349 1 -1 0.5 0 1 0.5106 0
0.5 1 1 0.5 1 -1 0 0
0.7483466 0 0 0.5 0 0 0 0
0.9760215 1 -1 0.75 -1 1 0.6808 0
0.2369581 -1 -1 0 -2 -1 -0.4019 0
0.00981558 -1 -1 0.5 -3 -1 -0.7579 0
0.2317 1 0 0.75 1 1 0.5267 0
0.5 0 -1 0.75 -1 1 0 0
0.8937235 0 1 0.5 1 1 0.3802 0
0.7617545 0 1 0.75 1 1 0.5244 0
0.5 0 -1 0.5 0 1 0 0
0.1902094 -1 -1 0.5 0 -1 0.1779 0
0.01036952 -1 -1 0.25 -1 -1 -0.9349 0
0.8991844 0 -1 0.75 0 1 0.1901 0
0.002837803 0 0 0.25 -2 1 -0.4497 0
0.07147765 -1 -1 0.25 0 -1 0 0
0.7257982 0 0 0.5 0 0 0.4753 0
0.2290479 -1 -1 0.25 -1 -1 -0.4696 0
0.1798079 1 -1 0.5 2 1 0.5994 0
0.5 1 0 0.75 1 1 0.3382 0
0.5 1 0 0.25 0 1 0 0
0.175511 -1 1 0.5 0 -1 -0.25 0
0.7920725 1 0 0.5 1 1 0.34 0
0.8613022 0 -1 0.25 0 0 0 0
0.5 -1 -1 0.5 -1 -1 0 0
0.85636 0 -1 0.75 1 1 0.6124 0
0.8195542 1 -1 0.75 -1 1 0.3818 0
0.1585775 0 -1 0.5 0 0 -0.2846 0
0.5 0 0 0.5 0 0 0.4404 0
0.871972 0 -1 0.25 -1 -1 0.0516 0
0.5 0 -1 0.5 1 0 0 0
0.5 0 0 0.5 1 1 0 0
0.773623 0 -1 0.75 0 1 0.3612 0
0.04346762 0 -1 0.75 -1 1 0.2516 0
0.8263307 0 0 0.5 2 1 0.6159 0
0.7753653 -1 -1 0.25 -2 -1 -0.5106 0
0.1875332 0 -1 0.25 -1 1 0.0516 0
0.7472353 0 -1 0.5 0 1 0 0
0.5 0 -1 0.75 0 1 0.128 0
0.7980058 0 -1 0.75 -2 0 0.1027 0
0.8963554 0 0 0.5 0 0 0.4019 0
0.7764794 -1 -1 0.75 1 1 0.743 0
0.1435825 0 -1 0.25 -1 -1 0.5393 0
0.1561497 0 0 0.75 3 1 0.4926 0
0.9945158 1 1 0.75 2 1 0.7501 0
0.9072998 1 -1 0.25 2 1 0.4922 0
0.5 0 -1 0.75 0 1 0 0
0.9126097 0 -1 0.75 3 1 0.6996 0
0.5 0 -1 0.5 0 1 0 0
0.8088439 0 -1 0.75 0 1 0.4019 0
0.9359461 1 1 0.25 1 1 0.8689 0
0.08209564 -1 0 0 -2 -1 -0.5256 0
0.5 0 -1 0.5 0 1 0 0
0.5 0 -1 0.25 0 0 0 0
0.03190661 0 -1 0.25 -1 -1 0.0754 0
0.9333926 1 1 0.75 0 1 0.5719 0
0.5 1 -1 0.25 1 1 0.6124 0
0.1508461 0 -1 0.5 0 0 -0.0516 0
0.1435825 0 -1 0.25 -1 -1 0.5393 0
0.9571075 1 1 0.75 0 1 0.8126 0
0.5 0 -1 0.5 1 0 0.34 0
0.5 1 0 1 1 1 0.3804 0
0.5 0 0 0.5 0 1 0 0
0.03038714 -1 -1 0.25 -1 -1 -0.4215 0
0.1394239 1 -1 1 1 1 0.6249 0
0.7274453 0 0 0.75 -1 -1 0.5574 0
0.7484626 -1 -1 0.5 -1 1 -0.1531 0
0.8857746 1 1 1 1 1 0.4749 0
0.06937927 0 0 0.75 -2 -1 -0.4767 0
0.7745398 -1 -1 0.25 -1 0 0.1027 0
0.2573924 0 -1 0.75 1 0 0 0
0.1305133 1 1 0.75 -1 0 0.7717 0
0.7647113 1 0 1 2 1 0.3818 0
0.5 0 -1 0.5 0 0 0 0
0.07255235 1 -1 0.75 0 1 0.6786 0
0.8673375 1 0 0.5 0 1 -0.1967 0
0.8198213 -1 -1 0.75 2 -1 0.4019 0
0.5 1 -1 0.75 0 1 0.8176 0
0.07900169 -1 -1 0.75 -1 1 -0.4767 0
0.279865 -1 -1 0.5 -1 -1 0.3875 0
0.2240863 -1 0 0.5 -1 1 0.7599 0
0.8696262 0 0 0.75 1 1 0.2732 0
0.7524798 1 1 0.75 0 1 0.5719 0
0.8506921 1 1 0.25 1 1 -0.2401 0
0.2993378 0 -1 0.25 0 0 0 0
0.8847714 0 0 0.25 -2 0 0 0
0.5 0 -1 0.75 0 1 -0.296 0
0.5 0 -1 0.5 0 1 0 0
0.03210809 1 -1 0.75 -1 0 0.7184 0
0.5 0 -1 0.5 0 0 0 0
0.001808801 -1 -1 0.5 -3 -1 -0.5594 0
0.5 0 0 0.5 0 0 0 0
0.5 0 -1 0.5 0 1 0 0
0.5 1 0 0.5 1 1 0.6739 0
0.5 0 -1 0.5 0 0 0 0
0.2950217 1 0 0.5 1 0 0.4357 0
0.5 0 0 0.5 0 0 0.34 0
0.8618908 0 -1 1 1 -1 0 0
0.5 1 -1 0.75 0 1 -0.4585 0
0.5 0 0 0.75 0 0 0 0
0.8705443 1 1 0.5 1 1 0.6757 0
0.9020627 1 1 0.5 1 1 0.6369 0
0.03329939 1 -1 0.75 -1 0 0.0772 0
0.1761269 -1 1 0.25 0 0 -0.1513 0
0.5 0 0 0.75 0 0 0 0
0.7589034 0 1 0.75 -1 0 0.5719 0
0.5 1 0 0.75 -1 0 0.7227 0
0.2759157 -1 -1 0.75 1 -1 0.484 0
0.5 -1 -1 0.25 -1 -1 0.4466 0
0.8824231 1 -1 0.75 2 1 0.34 0
0.9730109 1 1 0.75 1 1 0.4019 0
0.5 0 0 0.5 0 -1 0 0
0.8714252 1 -1 0.75 1 1 0.2382 0
0.5 1 -1 0.75 -1 1 0.4404 0
0.900706 -1 -1 0.5 0 1 0.25 0
0.7742056 1 -1 0.75 -1 1 0.1779 0
0.5 0 -1 0.5 0 1 0 0
0.8484256 1 1 1 2 1 0.2732 0
0.9118849 1 -1 0.25 -2 1 -0.7317 0
0.9738659 -1 -1 0.25 1 1 0.4767 0
0.5 1 -1 1 0 1 0.3291 0
0.1322711 1 0 0.5 0 0 0.1999 0
0.233987 1 -1 0.75 1 1 0.4672 0
0.5 0 -1 0.25 0 0 -0.296 0
0.5 0 -1 0.5 0 0 0 0
0.8339329 1 0 0.75 1 1 0.7184 0
0.2230782 -1 0 0.25 -2 -1 -0.4404 0
0.09924662 -1 -1 0.75 2 -1 -0.6588 0
0.0169985 -1 -1 0.25 -3 -1 -0.4019 0
0.5 1 -1 0.25 0 1 0 0
0.9626432 1 1 0.75 1 1 0.872 0
0.5 0 0 0.5 0 0 0 0
0.5 1 -1 0.75 1 1 0.6124 0
0.5 0 0 0.5 0 0 0 0
0.5 -1 -1 0.25 0 0 -0.296 0
0.1285598 0 -1 0.25 -1 0 0.2263 0
0.296036 1 -1 0.5 -1 1 0 0
0.9561055 0 1 0.75 -1 0 0.8201 0
0.2477195 1 -1 0.25 0 1 0.5859 0
0.1661638 0 0 0.75 0 0 -0.5423 0
0.5 0 -1 0.5 0 0 0 0
0.9657206 1 0 1 3 1 0.5994 0
0.3075956 0 -1 0.5 -1 1 0 0
0.5 1 -1 0.5 0 1 0.1531 0
0.7932061 1 1 0.75 1 1 0.431 0
0.6820527 1 0 0.75 0 1 0.4902 0
0.1210063 -1 1 0.25 -1 -1 -0.1531 0
0.5 0 -1 0.5 1 1 0.2144 0
0.5 0 -1 0.25 0 1 0 0
0.1279674 1 -1 0.75 -2 0 0.3105 0
0.07828987 -1 -1 0 -1 -1 -0.5719 0
0.5 0 -1 0.5 0 0 0 0
0.2431001 1 -1 0.25 1 1 0.2415 0
0.7625296 0 -1 0.75 0 1 0.34 0
0.5 1 0 0.5 -1 1 0.1406 0
0.7762793 1 -1 0.75 0 1 -0.4867 0
0.02123547 -1 -1 0.25 -2 -1 0.2373 0
0.1841225 0 0 0.75 -1 1 0.3353 0
0.5 0 -1 0.5 0 1 0 0
0.9888151 1 -1 0.75 1 1 0.8762 0
0.8299234 1 1 0.5 1 1 0.5413 0
0.7858291 0 1 0.5 2 0 0 0
0.8140767 0 -1 0.5 1 1 0 0
0.5 -1 1 0.25 0 1 0.34 0
0.1041909 1 -1 0.25 1 1 -0.3959 0
0.2253115 0 -1 0.25 0 1 0.3612 0
0.8697196 1 -1 0.75 2 1 0.8271 0
0.5 -1 -1 1 -1 -1 0.3252 0
0.08225935 0 -1 0.75 -1 1 -0.5267 0
0.8542119 1 0 0.75 1 1 0.3818 0
0.7989317 1 -1 0.75 0 1 0.5859 0
0.1980903 0 -1 0.25 -1 1 0.2732 0
0.182058 0 -1 0.75 3 1 0.34 0
0.01988241 -1 1 0 -2 -1 -0.5379 0
0.5 0 -1 0.75 1 1 0.4404 0
0.2301678 -1 -1 0.25 -1 -1 0 0
0.5 1 -1 0.75 -1 0 0.2003 0
0.960456 1 0 0.25 1 1 0.6652 0
0.9175775 1 0 1 0 1 0.8442 0
0.8206091 -1 -1 0.25 1 1 0.5859 0
0.7711326 0 -1 0.75 1 -1 0.4215 0
0.5 0 -1 0.5 0 0 0 0
0.1154203 0 -1 0.25 0 -1 0 0
0.216937 1 -1 0.75 1 1 0.8074 0
0.5 0 0 0.5 0 0 0 0
0.9065111 0 0 0.75 1 1 0.4939 0
0.1352739 -1 -1 0.25 -1 -1 0.0387 0
0.5 1 -1 0.75 1 1 0.6124 0
0.8340324 -1 0 0.5 -2 -1 -0.25 0
0.7502686 0 -1 0.25 -1 1 0 0
0.1871226 0 -1 0.5 0 0 0 0
0.1993594 -1 -1 0.5 -2 -1 -0.3182 0
0.5 0 0 0.5 0 0 0 0
0.1014294 0 -1 0.25 -1 1 0 0
0.8229003 -1 -1 0.75 0 -1 0.2144 0
0.5 1 -1 0.5 0 1 0 0
0.8719369 0 -1 0.75 0 1 0.2263 0
0.8875479 1 -1 0.75 -1 1 0.0863 0
0.6900267 1 0 0.5 -2 1 0.811 0
0.9034109 0 -1 0.75 0 1 0.4404 0
0.773413 0 -1 0.75 -1 1 0.5719 0
0.2045268 1 0 0 -1 1 0.2732 0
0.8323284 1 -1 0.5 0 1 0.4215 0
0.998231 1 -1 0.75 0 1 0.7035 0
0.5 0 -1 0.5 0 0 0 0
0.5 0 -1 0.75 0 1 0 0
0.9867701 1 -1 0.75 0 1 0.6249 0
0.5 -1 -1 0.5 -1 -1 0 0
0.9020557 1 0 0.75 0 1 0 0
0.8301977 -1 -1 0.5 0 1 0.4648 0
0.9087281 1 -1 0.75 0 1 0.6652 0
0.8721032 -1 0 0.5 0 -1 0 0
0.5 1 -1 0.75 1 1 0 0
0.7958967 1 1 1 1 1 0.5859 0
0.04674643 0 -1 0 -1 -1 -0.4019 0
0.5 -1 -1 0.5 1 0 0 0
0.7441442 1 1 0.75 1 1 0.3382 0
0.1383614 -1 -1 0.5 -2 -1 -0.8934 0
0.1836416 1 -1 0.5 1 1 0.0444 0
0.9724473 1 0 0.75 0 0 0.5719 0
0.2583787 0 -1 0.5 0 0 0 0
0.7471385 0 -1 0.25 -2 -1 -0.5994 0
0.5 1 0 0.75 1 1 0.4019 0
0.8665385 0 1 0.75 0 0 0.6597 0
0.9721932 1 0 1 1 1 0.6369 0
0.5 0 -1 0.5 0 0 0.296 0
0.5 0 -1 0.5 0 0 0 0
0.5 0 1 0.5 0 0 0 0
0.8294162 1 -1 0.75 1 1 -0.4717 0
0.7428288 1 1 1 2 1 0.2023 0
0.2208611 -1 -1 0.25 -3 0 -0.5574 0
0.5 0 -1 0.25 1 1 0 0
0.8402145 1 -1 0.75 2 1 0.6322 0
0.7576386 1 -1 0.75 1 0 0.1406 0
0.5 0 1 0.5 1 1 0.5538 0
0.7876473 1 1 0.75 2 0 0.765 0
0.8625935 1 -1 0.75 0 1 0.5859 0
0.03799765 -1 -1 0.25 -1 -1 -0.0413 0
0.5 0 -1 0.5 1 1 0.4588 0
0.8227399 1 -1 1 -1 1 0 0
0.2341523 0 0 0.75 -1 -1 -0.6941 0
0.9901583 -1 -1 0.75 -1 1 0.6808 0
0.05044808 1 -1 0.75 -1 1 0.7212 0
0.1403272 0 -1 0.25 0 -1 -0.2732 0
0.5 1 0 0.5 0 1 0 0
0.8587889 1 -1 0.5 -1 1 0.5411 0
0.7146272 1 0 0.75 0 0 0 0
0.8487231 1 -1 1 -1 0 -0.2263 0
0.01039788 -1 -1 0.25 -2 -1 -0.8286 0
0.5 1 0 0.75 0 1 0.765 0
0.5 1 -1 0.75 0 1 0.6478 0
0.09773758 -1 -1 0.25 -1 -1 0 0
0.855602 1 -1 0.75 0 1 0.2732 0
0.9445327 0 -1 0.5 -1 1 0.885 0
0.5 0 -1 0.5 0 0 0 0
0.5 0 0 0.5 0 0 0 0
0.8690897 -1 0 0.5 0 1 0.4019 0
0.5 0 -1 0.5 0 0 0 0
0.5 -1 -1 0.25 -2 -1 -0.204 0
0.5 1 -1 0.75 1 1 0.4199 0
0.90419 1 -1 0.75 0 1 0.3612 0
0.5 0 -1 0.75 0 0 0 0
0.5 1 0 0.5 0 1 0.5719 0
0.8601159 1 -1 0.5 0 1 0.1335 0
0.5 1 0 0.5 0 1 0 0
0.9299038 1 -1 0.75 0 1 0.296 0
0.5 0 0 0.5 0 0 0 0
0.5 0 0 0.5 0 0 0 0
0.5 0 0 0.5 0 0 0 0
0.1046987 0 0 0.5 0 0 0 0
0.2665174 0 -1 0.5 1 1 0.3182 0
0.7960957 0 0 0.5 0 0 0 0
0.5 0 0 0.5 0 0 0 0
0.9832275 0 0 0.75 1 0 0.4588 0
0.5 -1 -1 1 -1 -1 0 0
0.9676934 1 0 0.5 0 -1 -0.3182 0
0.1631282 0 -1 0.5 1 0 0 0
0.2352148 0 0 0.5 0 0 0 0
0.5 0 -1 0.5 0 -1 0 0
0.5 0 0 0.75 0 1 0 0
0.5 0 -1 0.5 0 1 0 0
0.5 0 -1 0.5 0 1 0 0
0.5 0 0 0.5 0 1 0 0
0.5 1 -1 0.5 1 1 0.3612 0
0.5 0 -1 0.5 0 1 0 0
0.2027465 -1 -1 0.25 -1 -1 -0.0772 0
0.1237794 -1 -1 0.75 0 0 -0.0516 0
0.2056208 -1 -1 0.25 -1 -1 -0.5423 0
0.00590665 -1 -1 0.5 0 0 -0.1531 0
0.7966803 -1 0 0.75 -3 -1 -0.6124 0
0.7723795 -1 -1 0.5 -1 -1 -0.34 0
0.1834426 -1 -1 0.25 1 -1 0.4215 0
0.8976103 0 -1 0.75 0 0 0.2263 0
0.5 0 0 0.5 0 1 0 0
0.7563068 0 -1 0.25 0 -1 -0.296 0
0.9508144 0 1 0.75 2 1 0.4374 0
0.767348 0 -1 0.5 0 0 -0.296 0
0.5 0 0 0.5 0 0 0 0
0.9940495 1 -1 0.75 2 1 0.831 0
0.5 1 -1 0.5 0 -1 0 0
0.5 0 0 0.5 -1 0 0 0
0.5 0 -1 0.5 0 -1 0.296 0
0.5 0 0 0.5 -1 -1 0 0
0.5 0 -1 0.5 0 1 0 0
0.5 0 0 0.5 0 0 0 0
0.8181433 0 0 0.75 1 1 0.4939 0
0.1415324 0 -1 0.25 0 1 -0.3252 0
0.8918613 0 -1 0.75 3 0 -0.126 0
0.7582924 1 0 0.5 0 0 0.2023 0
0.1268376 -1 0 0.25 -1 -1 -0.3182 0
0.9008943 0 1 0.75 1 1 0.6486 0
0.1141826 -1 -1 0.25 -1 -1 -0.0516 0
0.5 0 0 0 -1 0 -0.0516 0
0.5 0 0 0.5 0 0 0 0
0.5 0 1 0.5 0 0 0 0
0.5 1 -1 0.25 1 1 0.6476 0
0.913477 1 1 0.75 1 1 0.34 0
0.5 0 0 0.5 0 0 0 0
0.5 0 0 0.75 0 0 0 0
0.5 0 -1 0.5 0 0 0 0
0.5 1 -1 0.5 0 1 0 0
0.8202082 0 -1 0.5 0 0 -0.128 0
0.5 0 -1 0.75 0 0 0 0
0.5 1 1 0.25 0 1 0.2732 0
0.8819732 0 0 0.75 0 1 0.3197 0
0.9923519 1 0 0.75 2 1 0.9259 0
0.5 0 0 0.5 0 1 0 0
0.5 1 1 1 0 0 0.5766 0
0.5 0 -1 0.5 0 0 0 0
0.5 0 -1 0.75 0 0 0 0
0.7078588 0 -1 0.5 1 0 0.3595 0
0.9978524 1 1 0.75 2 1 0.8193 0
0.8283364 -1 -1 0.25 -1 -1 -0.3612 0
0.5 0 0 0.5 0 1 0 0
0.8275646 1 -1 0.75 0 1 0.4939 0
0.5 0 0 0.5 1 0 0 0
0.06852462 0 -1 0.5 1 1 -0.3875 0
0.5 0 0 0.5 1 0 0 0
0.5 0 0 0.5 0 0 0 0
0.5 0 0 0.5 0 0 0 0
0.1764638 -1 -1 0.25 -1 0 -0.3939 0
0.5 0 1 0.5 0 0 0 0
0.132927 -1 -1 0.25 -3 -1 -0.5994 0
0.2035337 0 -1 0.25 1 0 -0.4767 0
0.5 -1 0 0.5 0 -1 0 0
0.82574 0 0 0.5 2 0 0.5684 0
0.1196497 -1 -1 0.25 -1 -1 -0.5423 0
0.8998386 0 -1 0.5 0 0 0.0258 0
0.8870651 0 0 0.5 1 1 0.7562 0
0.9865517 0 0 0.75 1 1 0.4404 0
0.96229 1 1 1 3 1 0.6688 0
0.5 -1 -1 1 0 0 0.7635 0
0.5 0 0 0.5 0 0 0 0
0.003261254 0 -1 0.25 -2 0 -0.8528 0
0.5 -1 -1 0.25 -1 -1 -0.3182 0
0.9368151 0 0 0.5 1 0 0.5473 0
0.5 1 -1 0.5 1 0 0.2023 0
0.5 0 -1 0.5 0 0 0 0
0.5 0 -1 0.5 -1 0 0 0
0.5 0 -1 0.5 0 0 0 0
0.2738107 -1 -1 0.5 0 -1 -0.3182 0
0.7961706 0 -1 0.25 -2 -1 -0.644 0
0.09463269 -1 -1 0.5 -1 -1 -0.0516 0
0.0265293 0 -1 0.75 -2 -1 -0.5574 0
0.8995787 1 -1 0.5 0 0 0 0
0.5 1 0 0.5 0 1 0 0
0.5 0 0 0.5 0 0 0 0
0.08874581 -1 -1 0.5 -1 -1 -0.2023 0
0.5 0 0 0.5 0 0 0 0
0.247977 -1 -1 0.75 0 1 0 0
0.5 0 -1 0.5 0 0 0 0
0.9485436 1 -1 1 0 1 0.6662 0
0.5 0 1 0.5 0 0 0.0772 0
0.9497874 1 1 0.75 1 0 0.4767 0
0.2040851 0 -1 0.5 0 0 -0.1779 0
0.265721 -1 -1 0.25 1 -1 -0.7712 0
0.9116513 1 -1 1 2 1 0.6249 0
0.2080215 0 0 0.5 1 1 -0.3365 0
0.5 0 -1 0.5 0 1 0 0
0.9143719 1 1 0.5 1 1 0.5411 0
0.5 1 1 0.75 0 1 0 0
0.9208032 1 -1 0.75 2 -1 0.4939 0
0.964575 0 0 0.5 2 1 0.471 0
0.5 0 -1 0.5 0 0 0 0
0.5 0 -1 0.5 0 0 0 0
0.5 0 -1 0.5 1 1 0 0
0.2218249 -1 -1 0.25 -2 -1 -0.6249 0
0.7235622 0 0 0.5 0 0 0 0
0.5 0 -1 0.5 0 0 0 0
0.5 0 0 0.5 -1 -1 0 0
0.8558833 1 -1 0.75 1 1 0.6808 0
0.5 0 0 0.5 0 0 0 0
0.5 0 -1 0.5 0 0 0 0
0.8381757 0 -1 0.75 -1 1 0.2732 0
0.5 0 -1 0.5 1 1 0.4329 0
0.2222257 0 0 0.5 0 0 0 0
0.5 -1 0 0.25 -1 0 0 0
0.2070859 1 -1 0.75 1 1 0.4019 0
0.5 0 -1 0.5 0 -1 0 0
0.9123643 0 -1 0.5 1 1 0.3802 0
0.02311519 -1 -1 0.25 -2 -1 -0.3612 0
0.5 0 -1 0.5 0 0 0 0
0.5 0 0 0.5 0 0 0 0
0.9339008 0 0 0.75 0 1 0.6124 0
0.1182927 -1 -1 0 -2 -1 -0.5423 0
0.5 1 0 0.75 0 -1 0 0
0.7055414 0 0 0.5 0 1 0 0
0.5 1 -1 0.75 1 0 0.3054 0
0.5 0 0 0.5 0 0 0 0
0.7910297 0 0 0.75 1 1 0.2828 0
0.1530073 0 -1 0.5 1 0 0 0
0.5 0 0 0.75 -2 -1 -0.4329 0
0.5 0 1 0.5 1 0 0 0
0.5 0 0 0.5 0 0 0 0
0.09400711 0 -1 0.5 0 -1 -0.2263 0
0.1545844 0 0 0.5 1 0 0 0
0.2474185 0 -1 0.5 0 0 0.3313 0
0.02212117 1 0 0.5 1 1 0.8393 0
0.5 0 -1 0.75 1 -1 0.3699 0
0.06406816 -1 -1 0.25 -1 -1 -0.296 0
0.5 0 0 0.5 0 0 0 0
0.9254955 0 0 0.75 0 1 0.296 0
0.5 -1 1 0.5 1 0 0 0
0.5 1 -1 0.25 1 -1 0.3612 0
0.8842777 0 -1 0.75 1 0 0.4767 0
0.5 0 0 0.5 1 0 0 0
0.5 0 0 0.5 0 0 0 0
0.5 0 0 0.5 0 0 0 0
0.2119253 0 -1 0.25 1 -1 -0.1531 0
0.5 0 0 0.5 0 0 0 0
0.9176882 0 -1 0.75 0 1 0.2732 0
0.5 0 -1 0.5 0 0 0 0
0.2451235 -1 -1 0.25 -1 -1 -0.6046 0
0.5 0 -1 0.5 0 0 0 0
0.5 0 -1 0.5 0 0 0 0
0.5 0 0 0.5 1 0 0 0
0.5 0 0 0.5 0 0 0 0
0.9774735 1 1 0.75 2 1 0.6696 0
0.5 0 -1 0.5 0 0 0 0
0.5 0 0 0.75 0 0 0 0
0.5 0 0 0.5 1 0 0 0
0.9268911 1 1 0.75 2 1 0.4939 0
0.5 0 0 0.5 0 0 0 0
0.009612949 0 0 0.25 -1 0 -0.4404 0
0.5 1 0 0.5 1 1 0.3612 0
0.7833315 0 -1 0.25 -3 -1 -0.636 0
0.054154 0 -1 0.5 0 0 -0.3182 0
0.1575992 0 -1 0.25 0 1 -0.2023 0
0.5 1 1 0.5 0 1 0 0
0.8951438 1 -1 0.5 1 1 0.3612 0
0.9114091 0 0 0.75 -1 -1 -0.2678 0
0.7761345 0 -1 0 -2 -1 -0.5994 0
0.2374435 0 0 0.5 -1 -1 -0.4767 0
0.7495937 0 0 0.5 0 0 0 0
0.06431496 0 -1 0.5 1 1 -0.1759 0
0.5 1 -1 0.75 0 1 0 0
0.9717052 0 0 0.75 1 0 0.6166 0
0.0470978 -1 -1 0.25 0 -1 -0.7536 0
0.2816228 -1 -1 0.25 -2 -1 -0.7906 0
0.05923198 -1 0 0.25 -3 -1 -0.7845 0
0.5 0 -1 0.5 0 0 0 0
0.5 0 -1 0.5 0 0 0 0
0.8019391 0 -1 0.75 0 1 0.128 0
0.5 0 0 0.5 0 0 0 0
0.5 0 0 0.5 0 0 0 0
0.7632272 0 1 0.25 -1 -1 0.0754 0
0.9865518 1 1 0.5 0 1 0.2263 0
0.5 -1 -1 0.5 -2 -1 0 0
0.935494 0 0 0.5 0 0 0.0258 0
0.5 1 1 0.75 1 0 0 0
0.5 0 0 0.5 1 0 0 0
0.5 0 0 0.5 0 1 0 0
0.5 -1 -1 0.25 -1 -1 -0.2732 0
0.9510857 0 -1 0.5 0 1 0.4019 0
0.5 -1 -1 0.25 -1 -1 0 0
0.5 0 0 0.5 0 0 0 0
0.9301327 0 -1 0.5 2 1 0.5411 0
0.5 1 0 0.75 0 1 0 0
0.1088626 -1 -1 0.25 -2 -1 -0.6025 0
0.9273766 1 1 1 1 1 0.6369 0
0.06546204 -1 0 0.25 -3 -1 -0.7184 0
0.5 1 -1 0.75 0 1 0.4404 0
0.9999751 1 1 0.75 1 1 0.7579 0
0.5 0 0 0.5 0 0 0 0
0.5 0 0 0.5 0 0 0 0
0.5 1 -1 0.5 0 1 0 0
0.3171034 0 -1 0.5 -1 1 0 0
0.7598522 0 0 0.5 0 0 0 0
0.5 0 0 0.5 0 0 0 0
0.2227024 0 0 0.5 0 0 0 0
0.2718746 -1 -1 0.5 -1 -1 0 0
0.5 0 0 0.5 0 1 0 0
0.5 0 -1 0.5 0 0 0 0
0.2396218 0 -1 0.5 0 -1 -0.4215 0
0.8226132 -1 -1 0.5 -1 0 -0.3134 0
0.5 1 -1 0.75 0 1 0 0
0.6814468 0 -1 0.5 0 0 0 0
0.5 0 -1 0.25 0 0 0 0
0.5 0 -1 0.5 0 0 0 0
0.5 0 -1 0.5 0 0 0 0
0.1923382 0 -1 0.5 0 1 0.4215 0
0.9823214 0 1 0.75 2 1 0.6996 0
0.5 0 -1 0.25 0 0 0 0
0.9746218 0 0 0.5 1 1 0.4588 0
0.5 0 -1 0.5 0 0 0 0
0.5 0 0 0.5 0 0 0 0
0.5 0 -1 0.5 0 0 0 0
0.9348318 1 0 1 1 1 0.7249 0
0.04752246 0 -1 0.5 0 1 0 0
0.5 0 0 0.5 0 -1 -0.802 0
0.5 0 -1 0.5 0 0 0 0
0.9364943 1 -1 0.75 1 1 0.5106 0
0.7559088 0 -1 0 1 1 -0.1923 0
0.2805188 0 0 0.5 0 0 0 0
0.0831429 0 -1 0.75 -1 0 -0.1027 0
0.940445 1 -1 0.75 2 1 0.8689 0
0.5 0 -1 0.5 0 0 0 0
0.8476327 0 0 0.75 2 1 0.4151 0
0.5 -1 -1 0.25 0 -1 0 0
0.2609455 0 -1 0.5 0 0 0 0
0.09960818 -1 -1 0.25 -1 -1 -0.6359 0
0.5 0 1 0.5 1 0 0 0
0.9074387 -1 1 0.5 -1 -1 0.3182 0
0.164466 0 -1 0.75 -1 0 -0.783 0
0.8622016 0 -1 0.75 0 1 0.4019 0
0.782941 -1 0 0.5 -1 -1 -0.5106 0
0.5 0 -1 0.5 0 0 0 0
0.5 1 0 0.5 1 -1 0 0
0.5 0 1 0.5 0 0 0 0
0.1112091 -1 -1 0.5 -1 -1 -0.5106 0
0.5 0 0 0.5 0 0 0 0
0.5 1 0 0.75 0 1 0.5859 0
0.5 0 -1 0.5 0 0 0 0
0.7429366 0 0 0.5 1 0 0.4824 0
0.5 0 0 0.5 1 0 0 0
0.5 -1 0 0.25 -2 -1 -0.6981 0
0.5 0 0 0.5 0 0 0.0772 0
0.5 0 0 0.5 0 0 0 0
0.5 0 -1 0.5 0 0 0 0
0.5 -1 0 0.5 -2 -1 0 0
0.1149492 0 0 0.5 1 0 0.0772 0
0.5 0 0 0.5 1 0 0 0
0.8284845 1 1 0.25 0 0 -0.7909 0
0.9818405 0 -1 0.25 0 1 0.4939 0
0.5 0 -1 0.75 0 0 0 0
0.2576293 0 -1 0 -1 -1 -0.6074 0
0.5 0 -1 0.5 0 -1 0 0
0.1218116 0 -1 1 -1 0 0 0
0.9274644 1 1 1 1 1 0.5563 0
0.5 0 -1 0.5 0 0 0 0
0.7861342 1 1 0.5 2 0 0.6924 0
0.5 -1 -1 0.25 -1 -1 0 0
0.5 1 0 0.5 1 1 0.3612 0
0.5 0 -1 0.5 0 0 0 0
0.5 0 -1 0.5 0 0 0 0
0.5 0 -1 0.5 0 1 0 0
0.2302394 1 0 0.5 1 1 -0.1906 0
0.7339992 0 1 0.75 0 0 0 0
0.8533786 0 -1 0.5 0 1 0 0
0.5 0 1 0.5 0 0 0 0
0.5 0 -1 0.5 0 0 0 0
0.5 -1 0 0.5 1 0 0.34 0
0.8278352 -1 -1 0.75 2 -1 0.6841 0
0.9136237 0 0 0.5 0 0 0.4696 0
0.5 0 1 0.5 2 0 0 0
0.5 0 -1 0.5 1 1 0.5754 0
0.5 0 1 0.5 0 1 0 0
0.9494167 1 1 0.75 1 1 0.6114 0
0.5 1 -1 0.75 1 1 0.5859 0
0.5 1 0 1 1 1 0.6369 0
0.9924505 1 1 1 3 1 0.8412 0
0.5 0 -1 0.5 0 0 0 0
0.7930146 0 0 0.75 -1 -1 0.1531 0
0.1963739 -1 -1 0.75 1 1 -0.128 0
0.9772494 1 -1 1 0 1 0.6597 0
0.2030948 0 -1 0.25 -1 1 -0.4588 0
0.82725 0 -1 0.5 0 0 0.296 0
0.5 0 0 0.5 0 0 0 0
0.06227241 -1 -1 0.25 -2 -1 -0.6597 0
0.9704917 0 -1 0.75 0 1 0.3612 0
0.5 0 0 0.5 0 0 0 0
0.5 0 0 0.5 0 0 0 0
0.1472038 0 0 0.25 2 1 -0.3875 0
0.990819 0 -1 0.75 1 1 0.5719 0
0.5 0 0 0.5 0 0 0 0
0.8257962 0 -1 0.75 1 0 0.4588 0
0.9739628 0 0 0.75 1 1 0.4404 0
0.5 0 -1 0.5 0 0 0 0
0.5 0 -1 0.5 -1 -1 0 0
0.5 0 -1 0.5 0 1 0 0
0.1601747 0 -1 0.5 0 1 0.4404 0
0.5 0 -1 0.5 0 0 0 0
0.5 0 -1 0.5 0 -1 0 0
0.9044343 0 -1 0.75 -1 -1 0.0258 0
0.8120062 1 -1 0.25 0 1 0.1027 0
0.9453886 1 -1 0.25 0 1 -0.6072 0
0.5 -1 -1 0.25 0 -1 -0.4215 0
0.5 0 -1 0.75 0 0 0 0
0.5 1 0 0.75 0 1 0.5719 0
0.5 0 -1 0.5 0 1 0 0
0.225529 0 -1 0.5 2 1 0.2406 0
0.5 0 -1 0.5 0 0 0 0
0.5 1 0 0.75 0 1 0 0
0.5 0 0 0.5 0 -1 0 0
0.5 0 -1 0.25 0 1 0 0
0.9961644 1 -1 0.75 2 1 0.7236 0
0.5 0 0 0.5 0 0 0 0
0.5 0 -1 0.25 0 1 0 0
0.5 0 -1 0.5 0 -1 0 0
0.9022322 1 -1 0.75 0 1 0.4404 0
0.5 1 1 0.75 1 1 0.6096 0
0.5 0 -1 0.75 2 0 0.4374 0
0.5 1 -1 0.75 1 1 0.3612 0
0.67357 0 -1 1 0 -1 0 0
0.8051185 1 1 0.25 1 1 0.6369 0
0.5 0 0 0.5 0 0 0.25 0
0.5 0 -1 0.5 0 0 0 0
0.8328219 0 -1 0.75 0 0 0.2023 0
0.0004938879 0 -1 0.75 -1 1 -0.6378 0
0.1778651 -1 -1 0.75 0 1 0.1531 0
0.5 0 -1 0.5 0 1 0 0
0.2241237 0 -1 0.5 -2 0 0.4836 0
0.9817761 1 -1 0.75 0 1 0.4404 0
0.14559 1 -1 0.25 1 1 -0.3204 0
0.2143453 0 1 0.5 0 1 0.3753 0
0.5 0 0 0.5 0 0 0 0
0.5 0 -1 0.5 0 0 0 0
0.7122316 0 1 0.5 1 0 0.128 0
0.5 1 0 0.75 0 1 0 0
0.5 1 -1 0.75 0 1 0 0
0.5 0 -1 0.5 0 1 0 0
0.5 0 -1 0.75 0 0 0 0
0.9794834 1 1 1 0 1 0.2023 0
0.5 0 -1 0.25 -1 -1 0 0
0.5 -1 -1 0.25 -3 -1 -0.5267 0
0.5 0 -1 0.5 0 0 0 0
0.5 0 0 0.5 0 0 0 0
0.5 0 0 0.5 0 0 0 0
0.8197602 1 0 0.75 0 1 0.5719 0
0.5 1 0 0.75 1 1 0.4404 0
0.5 0 -1 0.5 0 0 0 0
0.5 0 -1 0.5 0 0 0 0
0.5 0 0 0.5 0 0 0 0
0.9920373 1 -1 0.75 1 1 0.3612 0
0.9678145 0 -1 0.75 0 0 0.4278 0
0.8439724 0 -1 0.75 0 1 0 0
0.5 0 -1 0.5 0 0 0 0
0.8088154 1 -1 0.75 1 1 -0.3595 0
0.5 0 0 0.75 0 1 0 0
0.7111714 0 -1 0.5 0 0 0 0
0.5 0 -1 0.25 -1 -1 0 0
0.5 0 -1 0.5 0 0 0 0
0.5 0 0 0.5 0 0 0 0
0.5 0 0 0.5 0 0 0 0
0.5 1 1 0.75 2 1 0.4926 0
0.5 -1 0 0.5 -1 -1 0 0
0.7490207 0 0 0.5 0 0 0 0
0.5 -1 -1 0.25 -2 -1 -0.6652 0
0.5 1 -1 0.75 0 1 0.5719 0
0.5 0 0 0.5 0 -1 0 0
0.7852053 -1 -1 0.25 1 0 -0.1531 0
0.06599305 -1 -1 0.25 0 -1 -0.3485 0
0.2371476 -1 -1 0.25 -1 -1 -0.3182 0
0.2854428 0 -1 0.5 0 0 0 0
0.5 0 1 0.5 0 1 0 0
0.5 0 -1 0.5 0 0 0 0
0.2317846 -1 -1 0 -1 -1 -0.4019 0
0.5 0 -1 0.5 0 0 0 0
0.1346892 1 -1 0.5 0 1 0.4497 0
0.5 0 -1 0.5 0 0 0 0
0.2120809 1 -1 0.75 1 1 -0.3252 0
0.9918579 1 1 0.75 2 1 0.4199 0
0.8133664 0 -1 0.5 1 1 0.4404 0
0.5 0 -1 0 0 -1 0 0
0.5 0 0 0.5 0 0 0 0
0.2495347 1 -1 0.75 1 0 0 0
0.8791407 0 0 0.5 1 0 0.4588 0
0.5 0 -1 0.5 0 0 0 0
0.7901365 1 1 0.75 0 1 0.5719 0
0.9685438 -1 0 0.75 1 -1 0.6597 0
0.8524662 1 1 0.75 0 1 0.5719 0
0.5 0 -1 0.5 0 0 0 0
0.5 1 -1 0.75 0 1 0 0
0.5 0 -1 0.5 0 0 0 0
0.5 0 -1 0.5 0 0 0 0
0.07979936 -1 -1 0.25 -1 -1 -0.3182 0
0.9680784 1 -1 0.75 -2 1 0 0
0.5 0 -1 0.75 0 1 0 0
0.1898181 -1 -1 0.25 -1 -1 -0.3612 0
0.880853 -1 -1 0.5 0 1 0.34 0
0.7626998 0 0 0.5 0 0 0 0
0.5 0 1 0.75 0 1 0 0
0.06465819 -1 -1 0 -3 -1 -0.5423 0
0.5 0 -1 0.5 0 0 0 0
0.5 0 0 0.5 0 0 0 0
0.5 0 -1 0.25 0 0 -0.1531 0
0.9089871 0 0 1 1 -1 0.5106 0
0.9286454 1 -1 0.75 1 1 0.6249 0
0.5 0 -1 0.5 0 1 0 0
0.5 0 -1 0.5 1 0 0 0
0.5 1 -1 0.75 -1 1 0 0
0.2603205 1 -1 0.75 1 1 0.4019 0
0.5 1 -1 0.75 1 1 0.4404 0
0.277249 -1 -1 0.75 0 1 0.5423 0
0.5 1 -1 0.25 -1 1 0.3818 0
0.5 0 -1 0.5 0 0 0 0
0.5 0 -1 0.5 0 -1 -0.34 0
0.5 -1 -1 0.25 -2 -1 0 0
0.5 0 0 0.5 0 0 0 0
0.2105951 1 -1 0.5 0 1 0.2263 0
0.9846714 1 -1 1 2 1 0.7964 0
0.5 0 -1 0.5 0 0 0 0
0.5 0 -1 0.5 0 0 0 0
0.5 0 -1 0.5 0 0 0 0
0.8316495 1 1 0.75 1 1 0.5267 0
0.5 0 0 0.5 0 0 0 0
0.9457992 0 -1 0.75 0 1 0.34 0
0.5 0 0 0.5 0 0 0 0
0.8719369 0 -1 0.75 0 1 0.2263 0
0.7539269 1 0 0.75 1 1 0.4404 0
0.9815423 1 1 0.75 1 1 0.4404 0
0.0005466994 -1 -1 0.5 0 -1 -0.9432 0
0.6992368 0 -1 0.25 1 0 0 0
0.9296531 1 0 0.75 1 1 0.7506 0
0.740267 1 -1 0.25 0 1 0 0
0.2455814 0 -1 0.25 -1 -1 -0.2263 0
0.914122 0 -1 1 2 1 0.2598 0
0.9346515 1 1 0.75 0 1 0.6124 0
0.9438083 0 0 0.75 2 1 0.4404 0
0.5 0 -1 0.5 0 0 0 0
0.2230403 -1 -1 1 1 1 0.3595 0
0.2399069 0 -1 0.5 0 1 0.4019 0
0.03823897 -1 -1 0.5 -2 -1 -0.7621 0
0.9596227 0 0 0.75 1 0 0.4588 0
0.5 0 0 0.5 1 0 0 0
0.5 0 -1 0.5 0 0 0 0
0.9611795 0 -1 0.5 1 1 0.6369 0
0.762616 0 0 0.5 0 0 0 0
0.02010762 0 0 0.5 -1 0 -0.504 0
0.8875897 -1 -1 0.5 1 1 0.5574 0
0.5 -1 -1 0 -1 -1 -0.6808 0
0.5 0 -1 0.5 0 0 0 0
0.5 0 -1 0.5 0 1 0 0
0.5 0 -1 0.5 0 1 0 0
0.5 0 -1 0.5 0 0 0 0
0.8804873 0 -1 0.5 0 0 0.3182 0
0.5 0 0 0.5 0 0 0 0
0.5 0 -1 0.5 1 -1 0.2225 0
0.9149811 1 -1 0.5 1 1 0.5719 0
0.7627547 1 1 0.5 0 1 0 0
0.9670191 0 -1 0.75 1 1 0.4404 0
0.5 0 -1 0.5 0 0 0 0
0.7594109 1 0 0.75 1 1 0.4404 0
0.9212836 1 1 0.75 0 1 0.5719 0
0.1705843 -1 0 0.25 -2 -1 -0.25 0
0.8665568 0 -1 0.25 -1 1 0.3612 0
0.5 0 -1 0.5 1 -1 0 0
0.5 0 0 0.5 0 0 0 0
0.9865099 1 1 0.75 1 1 0.8625 0
0.108633 -1 -1 0.5 -4 0 0.4926 0
0.9641312 0 -1 0.5 1 1 0.6369 0
0.1516217 0 -1 0.75 0 -1 0 0
0.5 0 0 0.75 0 0 0 0
0.8554342 1 1 0.75 0 1 0.5719 0
0.8075512 1 -1 0.75 0 1 0.4404 0
0.5 0 0 0.5 0 0 0 0
0.5 0 -1 0.5 1 1 0 0
0.818408 0 -1 0.25 1 1 0.4939 0
0.9171112 1 -1 0.75 0 1 0.5719 0
0.5 1 -1 0.5 1 1 0.466 0
0.05048405 0 -1 0.25 1 -1 0.6488 0
0.9179379 0 0 0.75 2 1 0.4926 0
0.9539186 1 1 0.75 0 1 0.8176 0
0.1490511 -1 0 0.5 0 -1 -0.25 0
0.7571231 0 0 0.75 1 0 0 0
0.9894211 1 -1 0.75 1 1 0.5574 0
0.6996463 0 1 0.5 -1 1 -0.1027 0
0.02202109 -1 -1 0.25 -2 -1 -0.6369 0
0.9519206 1 1 0.75 1 1 0.5106 -1
0.714481 0 -1 0.75 -1 0 -0.1169 -1
0.9570212 0 0 0.75 2 1 0.4404 0
0.5 0 0 0.5 0 1 0 0
0.5 0 -1 0.75 1 -1 -0.5178 0
0.04040276 0 -1 0.75 1 -1 0.4689 0
0.5 1 1 0.75 1 1 0.3612 1
0.2290936 0 -1 0.25 -1 1 -0.124 0
0.5 0 -1 0.5 0 -1 -0.1027 0
0.1160867 0 -1 0.75 -1 1 0.5096 0
0.5 0 -1 0.5 0 0 0 0
0.5 0 -1 0.5 0 1 0 0
0.1965087 -1 0 0.25 -1 -1 -0.128 0
0.5 0 -1 0 0 -1 0 0
0.1277673 -1 -1 0.25 -2 -1 -0.5538 -1
0.1634575 -1 -1 0.25 -1 -1 -0.4019 0
0.5 1 1 0.75 0 1 0.4588 0
0.5 0 0 0.5 0 0 0 0
0.01537224 -1 -1 0.25 -1 -1 -0.3098 0
0.5 0 0 0.5 0 0 0 0
0.5 0 0 0.75 0 0 0 0
0.8326144 -1 -1 0.5 0 1 0.2263 1
0.8894937 0 -1 0.75 0 1 0.34 0
0.5 0 -1 0.5 0 0 0 0
0.2979373 0 -1 0.5 0 1 0 0
0.1415324 0 -1 0.25 0 1 -0.3252 0
0.1859331 -1 -1 0.25 1 0 0.0258 0
0.1415324 0 -1 0.25 0 1 -0.3252 0
0.0221667 -1 -1 0 0 -1 -0.2263 0
0.02551942 0 -1 0 -1 -1 0.2449 1
0.7354186 1 0 0.75 2 1 0.3987 0
0.5 0 -1 0.5 0 1 0 0
0.931077 0 -1 1 0 -1 0.6249 1
0.01090769 -1 0 0.25 -3 -1 -0.7351 0
0.6896706 1 -1 0.75 1 1 0.4926 0
0.5 0 -1 0.5 -1 -1 0 0
0.2578172 1 1 0.75 1 1 0.4019 0
0.1896935 1 -1 0.25 -1 1 0 1
0.9951423 1 -1 0.75 1 1 0.7579 0
0.5 0 -1 0.5 0 1 0 0
0.9009991 0 0 0.5 1 1 0.25 0
0.7817186 -1 -1 0.75 0 -1 -0.0772 0
0.9481744 0 -1 1 2 1 0.5859 0
0.0150729 0 0 0.25 0 -1 -0.7184 0
0.2810005 -1 -1 0.5 0 1 0 -1
0.899497 0 -1 0.5 0 0 0.34 0
0.5 -1 -1 0.25 0 -1 0 0
0.721728 0 -1 0.25 -1 -1 -0.1027 0
0.9984953 1 1 0.75 2 1 -0.2481 0
0.5 0 -1 0.5 0 0 0 0
0.5 1 -1 0.75 0 1 0.3182 0
0.2816389 1 0 0.5 1 1 0 0
0.8071162 0 0 0.75 0 1 0.5859 0
0.1199584 -1 -1 0.25 -1 -1 0.34 0
0.228421 -1 -1 0.25 -2 -1 -0.6767 0
0.8990549 1 1 0.75 0 1 0.7563 0
0.9589965 1 0 1 3 1 0.6588 0
0.8329318 0 -1 0.25 1 1 0.3036 0
0.5 0 0 0.5 1 0 0 0
0.9499905 1 1 0.75 1 1 0.2382 0
0.5 0 0 0.5 0 0 0 0
0.8496743 0 0 0.75 1 0 0.4588 0
0.129287 0 -1 0.5 1 -1 0.1573 0
0.2531756 -1 -1 0.75 -1 -1 -0.0387 0
0.5 0 0 0.5 1 0 0 0
0.02761527 -1 -1 0.5 -2 -1 -0.8737 0
0.5 0 0 0.5 0 0 0 0
0.5 0 0 0.5 0 0 0 0
0.2222012 -1 -1 0.5 -1 -1 -0.296 0
0.829344 0 -1 0.25 0 -1 -0.296 0
0.5 0 -1 0.5 0 0 -0.296 0
0.5 0 -1 0.5 0 0 0 0
0.1490948 0 -1 0.5 1 0 -0.2481 0
0.04809161 -1 -1 0.25 -3 -1 0 -1
0.9494703 1 1 0.75 1 1 0.6369 0
0.8692108 1 0 1 0 1 0.25 0
0.8615666 0 -1 0.5 0 1 0 0
0.1032212 -1 -1 0.5 0 -1 0 0
0.5 0 0 0.5 0 0 0 0
0.5 0 -1 0.5 0 0 0 0
0.1000993 1 -1 0.25 0 1 0 0
0.5 0 -1 0.25 -1 -1 -0.2732 0
0.2406736 0 -1 0.5 0 1 -0.2732 0
0.9033957 1 0 1 0 1 0.6369 0
0.7721013 1 -1 0.25 0 1 -0.3412 0
0.2157329 0 1 0.5 2 1 0.3182 0
0.7836688 1 1 0.75 1 1 0.4215 0
0.7548919 0 0 0.75 -3 -1 -0.638 0
0.5 -1 0 0 1 -1 -0.7881 0
0.5 0 0 0.5 0 0 0 0
0.7197401 -1 1 0.5 0 0 0.296 1
0.5 0 0 0.5 0 0 0 0
0.99303 -1 -1 0.25 1 -1 0.4926 0
0.2154226 -1 -1 0.25 0 -1 -0.2263 0
0.1635024 0 0 0.5 0 1 -0.3291 0
0.7134982 1 0 0.5 1 1 0.469 0
0.8845008 0 1 0 1 -1 -0.5093 0
0.09527995 -1 -1 0.75 -1 -1 -0.5267 0
0.8136162 0 -1 0.75 1 1 0.539 0
0.1648703 -1 -1 0.25 -2 -1 0.0258 0
0.06125115 1 -1 0.5 -1 1 -0.3116 0
0.5 -1 0 0.25 -2 -1 0 0
0.5 0 -1 0.75 2 1 0 0
0.821421 1 0 0.75 1 1 0.5859 0
0.9731599 -1 -1 0.5 0 0 0.1531 0
0.5 0 -1 0.5 0 1 0 0
0.5 1 -1 0.75 1 1 0.3612 0
0.7338013 -1 -1 0.25 -1 -1 -0.3818 -1
0.9610928 1 -1 0.75 0 1 0.5859 0
0.1548284 0 0 0.5 0 1 0 0
0.006309775 -1 -1 0.25 -3 -1 -0.5413 0
0.2974792 0 0 0.25 0 1 0 0
0.9778168 1 1 1 2 0 0.8126 0
0.2977162 1 -1 0.25 1 1 0.443 0
0.5 0 0 0.5 2 0 0.4003 0
0.1450085 1 -1 0.5 1 1 0.3182 0
0.7491416 -1 0 1 2 1 0.4927 0
0.9857056 1 1 0.5 2 1 0.6705 0
0.7381652 1 1 0.75 1 1 0.5106 0
0.5 -1 0 0.25 -1 -1 0 0
0.5 0 -1 0.75 1 -1 0.3699 0
0.5 0 -1 0.75 0 -1 0 0
0.5 0 -1 0.25 -2 -1 0.4201 0
0.7224409 0 -1 1 0 0 0 0
0.5 1 -1 0.75 -1 1 0 0
0.5 0 -1 0.5 1 -1 0 0
0.5 0 -1 0.5 0 0 0 0
0.1406738 1 -1 1 -2 -1 0 0
0.5 0 1 0.5 0 0 0 0
0.05826975 -1 -1 0.25 -3 -1 -0.3291 0
0.2450682 0 0 0.5 0 -1 0 0
0.06563278 0 -1 0.25 1 -1 0 0
0.5 0 0 0.5 0 0 0 -1
0.1770441 -1 0 0.25 -2 -1 0.1779 0
0.5 0 -1 0.25 0 0 -0.296 0
0.5 0 -1 0.25 -1 1 0 0
0.5 0 -1 0 -2 -1 -0.5255 0
0.9289992 1 1 1 2 1 0.6369 0
0.5 0 -1 0.5 0 -1 0 0
0.5 0 -1 0.5 0 0 0 0
0.9724624 1 1 0.75 0 1 0.4588 0
0.8102984 0 -1 0.75 0 1 0.3612 0
0.9160182 0 0 0.5 0 1 0.1446 0
0.5 1 1 1 1 0 0.6155 0
0.5 0 -1 0.5 0 0 0 0
0.2335858 1 -1 1 2 1 0.6249 0
0.7536389 1 0 0.75 1 1 0.7003 0
0.1566412 0 -1 0.25 -4 -1 -0.126 0
0.5 0 -1 0.5 0 1 0 0
0.5 0 0 0.25 0 0 0 0
0.1271846 1 0 0.25 0 0 0 0
0.1142515 0 -1 0.5 0 0 0.0258 0
0.01988106 1 -1 0.5 0 1 -0.228 0
0.9385009 1 -1 0.75 1 1 0.773 0
0.02570973 -1 -1 0.25 -3 -1 -0.4854 0
0.2357328 0 0 0.5 0 1 0 -1
0.5 0 0 0.25 0 0 0 0
0.2068083 0 -1 0.75 0 -1 0.128 0
0.5 0 0 0.5 0 1 0 0
0.8724951 1 -1 0.75 0 1 0.4588 0
0.5 0 -1 0.5 0 0 0 1
0.9636911 1 1 0.75 2 1 0.4215 1
0.01324594 1 -1 0.75 -2 1 -0.3167 0
0.5 1 -1 0.75 1 1 -0.296 0
0.6762701 0 -1 0.5 0 0 0 0
0.1969356 -1 -1 0.25 0 0 -0.1531 0
0.7026281 1 0 0.5 2 1 0.5984 0
0.9521054 0 -1 0.5 -1 1 0.0943 0
0.5 1 1 1 2 1 0.6369 0
0.5 0 -1 0.5 0 0 0 0
0.5 0 -1 0.5 0 0 0 -1
0.1134847 0 0 0.5 -1 0 -0.3612 0
0.09015206 -1 0 0.25 -1 -1 0.1531 0
0.3011432 0 -1 0.25 2 0 0.3971 0
0.8033601 1 -1 0.25 1 1 0.3939 0
0.910216 1 0 0.75 1 1 0.6114 0
0.5 0 -1 0.5 1 0 0 0
0.9554221 0 -1 0.5 0 1 0.25 0
0.8468308 1 1 0.75 1 1 0.4404 0
0.5 0 -1 0.5 1 0 0 0
0.5 -1 -1 0.25 -1 -1 -0.3612 0
0.5 1 -1 0.5 0 1 0.4215 0
0.9082847 0 1 0.5 1 0 0 0
0.9082509 1 -1 0.75 2 1 0.5267 0
0.9057737 1 -1 0.75 0 1 0.4939 0
0.5 0 -1 0.5 0 0 0 0
0.5 0 0 0.5 1 0 -0.5963 0
0.5 0 0 0.5 0 1 0 0
0.5 0 -1 0.5 -1 -1 0 0
0.2010396 -1 -1 0 0 -1 -0.5191 0
0.8859098 0 -1 0.25 0 -1 -0.2263 0
0.7763478 1 -1 0.75 2 1 0.5719 0
0.1888114 0 -1 0.5 1 1 0.3182 0
0.5 0 -1 0.5 0 0 0 0
0.8157639 1 -1 0.75 0 1 0.3612 0
0.1986362 -1 0 0.25 0 -1 0 0
0.8313776 0 1 0.75 2 1 0.4588 0
0.1540336 0 -1 0.25 0 1 0 0
0.5 -1 -1 0.25 -1 0 0 -1
0.5 0 -1 0.5 0 0 0 0
0.5 1 0 0.25 2 1 0.6369 0
0.9715309 1 -1 0.5 0 -1 0.34 0
0.5 0 0 0.5 0 0 0 0
0.2364227 0 -1 1 0 0 0.8088 0
0.5 0 1 0.5 0 0 0 0
0.03670509 -1 -1 0.5 -1 -1 -0.5267 0
0.5 -1 -1 0.25 -1 -1 -0.1027 0
0.001571938 -1 -1 0.25 -4 -1 -0.9493 0
0.91825 1 -1 0.5 0 1 0.7003 0
0.8802595 -1 0 0.25 -3 -1 0.4497 0
0.7590996 -1 1 0.75 1 1 -0.2003 0
0.1821774 0 0 0.5 0 0 0 0
0.985985 1 1 0.75 2 1 0.7579 0
0.8620879 0 -1 1 1 -1 0 0
0.005464212 -1 -1 0.75 -3 1 -0.6632 0
0.6841837 1 -1 0.75 1 1 0 1
0.5 1 -1 0.75 0 1 0.5719 0
0.5 0 -1 0.5 1 0 0 0
0.8355741 1 1 0.75 1 1 0.7684 0
0.9909431 1 0 0.75 1 1 0.5574 0
0.5 0 -1 0.5 0 0 0 0
0.2182814 0 -1 0.25 -1 -1 0 0
0.1471918 1 -1 0.75 0 0 0 0
0.5 -1 0 0.75 -1 -1 0 0
0.5 0 -1 0.5 1 0 0 0
0.8142299 0 -1 0 2 -1 -0.126 -1
0.9203543 1 1 0.75 0 1 0.7506 0
0.9949198 1 1 0.75 2 1 0.5267 0
0.05557763 -1 -1 0 -2 -1 -0.6486 0
0.9364337 0 1 1 3 1 0.6876 0
0.5 0 -1 0.5 1 1 0.5574 0
0.8889842 0 1 0.25 1 0 0.1779 0
0.1305846 0 -1 0.5 -3 -1 0.4927 0
0.9951195 1 1 0.75 1 1 0.9375 0
0.5 0 -1 0.5 -2 0 0 0
0.8973924 1 -1 0.75 1 1 0.4404 0
0.9510757 0 -1 0.5 1 0 0.5473 0
0.5 0 -1 0.25 0 0 0 0
0.5 0 0 0.25 0 0 0 0
0.9908079 1 -1 0.75 1 1 0.8462 0
0.8919161 -1 -1 0.75 2 -1 0.4019 -1
0.2116899 -1 -1 0.75 0 0 0.6747 -1
0.1291431 -1 -1 1 -1 -1 -0.4019 0
0.9375286 1 1 0.75 2 1 0.4019 0
0.5 0 -1 0.5 0 1 0 0
0.5 -1 0 0.5 0 0 0 0
0.5 1 0 1 1 0 0.6817 0
0.1824914 1 0 0.75 0 1 0.5927 -1
0.5 1 0 1 1 0 0.6155 0
0.9765471 1 -1 0.75 3 1 0.9501 0
0.5 0 -1 0.5 0 0 0 0
0.9035155 0 -1 0.5 0 0 -0.1531 -1
0.7605699 -1 -1 0.75 0 -1 -0.3612 -1
0.9045734 1 -1 0.25 0 0 0.7351 0
0.7070586 1 0 0.5 1 1 0.3612 0
0.5 0 -1 0.5 0 0 0 0
0.9330691 0 0 0.5 1 1 0.3182 -1
0.5 1 0 0.75 0 1 0 0
0.8553896 1 -1 0.25 1 1 -0.0076 0
0.5 0 -1 0.5 0 1 0 0
0.9919604 1 -1 0.75 1 1 0.6705 0
0.5 0 -1 0.5 0 0 0 0
0.5 0 -1 0.75 0 -1 -0.4215 0
0.7652957 1 0 1 0 0 0.2732 0
0.5 0 0 0.5 0 0 0 0
0.708309 -1 -1 0.25 -2 -1 -0.1027 0
0.5 -1 0 0.25 -1 -1 0 0
0.5 1 1 0.5 1 1 0.4404 0
0.2201704 -1 -1 1 -1 -1 -0.3556 0
0.5 1 -1 0.75 1 1 0.4926 0
0.5 0 0 0.5 0 0 0 0
0.1076906 -1 -1 1 -2 -1 -0.765 0
0.9071023 1 -1 0.75 1 1 0.4215 0
0.8872555 1 -1 0.75 0 1 0.4939 0
0.1405372 0 -1 0.5 -1 -1 -0.4404 0
0.8602287 0 -1 0.25 -1 -1 -0.2732 0
0.2170802 -1 -1 0.75 -1 1 0.55 -1
0.5 0 1 0.5 0 1 -0.296 0
0.7793434 0 0 0.5 0 0 0 0
0.5 -1 0 0.75 0 1 0 0
0.7631426 0 -1 0.75 1 0 0.2263 0
0.7364871 0 -1 0.75 1 -1 0.6514 0
0.1074101 -1 -1 0 -2 -1 -0.5984 0
0.1541357 -1 -1 0.25 -2 -1 -0.3818 0
0.5 0 -1 1 0 0 0 0
0.5 0 -1 0.5 1 -1 0 0
0.9307248 1 -1 0.75 1 1 0.5859 0
0.5 -1 -1 0.5 0 0 0 0
0.9573805 1 -1 0.75 0 1 0.743 0
0.5 0 -1 0.5 0 0 0 0
0.5 0 0 0.5 0 0 0 0
0.7543301 1 0 1 2 1 0.6369 0
0.7906951 0 1 0.75 2 0 0.7891 1
0.5 0 -1 0.5 0 0 0 0
0.03646638 0 -1 0.25 -1 -1 -0.4215 0
0.06484743 0 -1 0.25 -2 0 0.128 0
0.7923718 1 0 0.75 1 1 0.4404 0
0.5 1 -1 0.75 0 1 0.4404 0
0.1195773 0 -1 0.5 0 0 0 0
0.7623365 1 -1 0.75 1 1 0 0
0.8013072 1 -1 0.75 1 1 0.6239 0
0.8480514 0 -1 0.5 1 1 0.2942 0
0.5 1 1 1 1 1 0 0
0.1880763 0 -1 0.25 -4 -1 -0.4927 -1
0.5 0 -1 0.25 1 1 0.4173 0
0.5 1 -1 0.25 -2 -1 -0.5994 1
0.8953664 0 0 0.5 0 0 0.2263 0
0.5 -1 -1 0.25 0 -1 -0.3182 0
0.8895576 1 0 0.75 1 1 0.2621 0
0.5 0 -1 0.25 0 0 0 0
0.8089295 -1 -1 0.5 0 -1 0 0
0.03697083 -1 -1 0.25 -3 -1 -0.5719 0
0.8854352 1 -1 1 1 1 0.7096 0
0.1205075 -1 0 0.75 -3 -1 0.5432 0
0.5 0 -1 0.5 0 0 0 0
0.01566461 -1 -1 0 -1 -1 -0.9153 0
0.03697083 -1 -1 0.25 -3 -1 -0.5719 0
0.8958851 1 0 0.75 1 1 0.1027 0
0.2676197 -1 -1 0 -1 -1 -0.7303 0
0.9489488 -1 1 0.5 2 1 0.4926 0
0.5 1 -1 0.5 1 0 0 0
0.5 0 -1 0.5 0 0 0 0
0.1559928 -1 -1 0 -1 -1 -0.6369 0
0.8201775 0 1 0.75 0 1 -0.34 0
0.2631639 -1 0 0.5 1 1 -0.1531 0
0.8719369 0 -1 0.75 0 1 0.2263 0
0.5 1 -1 0.75 0 1 0.2732 -1
0.1854911 -1 0 0.5 -2 -1 0 0
0.5 0 -1 0.5 0 0 0 0
0.5 0 0 0.5 0 0 0 0
0.9355477 1 -1 0.75 2 1 0.4576 0
0.871878 1 -1 0.75 0 1 0.25 0
0.1087673 -1 -1 0.25 -1 -1 0 0
0.5 0 0 0.5 0 0 0 0
0.5 0 0 0.75 1 0 0 0
0.9874173 0 0 0.75 2 0 0.7184 0
0.5 0 -1 0.5 0 -1 0 0
0.8601256 0 1 0.75 0 1 0.2479 0
0.1138438 -1 -1 0.25 -1 -1 -0.4939 0
0.5 -1 -1 0.25 -1 0 0.0772 0
0.2473959 0 -1 0.75 -1 1 -0.4019 -1
0.8325837 0 1 0.5 -1 0 0.642 0
0.003682993 -1 -1 0 -2 -1 -0.8625 0
0.5 0 0 0.5 0 1 0 0
0.06597077 -1 -1 0.25 -1 -1 0.128 -1
0.251435 -1 0 0.5 0 0 -0.8002 1
0.2576515 1 -1 0.25 0 1 0 0
0.5 0 0 0.75 0 1 0.3612 0
0.1360905 -1 -1 0.25 -1 1 -0.2732 0
0.5 0 0 0.5 0 0 0 0
0.5 0 -1 0.5 0 0 0 0
0.5 0 1 0.5 0 1 0 0
0.03492309 -1 -1 0.25 0 -1 -0.3612 0
0.8951934 1 -1 0.5 1 1 0.4215 0
0.09530748 0 -1 0.75 -1 1 0.2023 0
0.2767914 0 0 0.5 0 0 0 0
0.9846714 1 -1 1 2 1 0.7964 0
0.9950735 1 -1 0.75 2 1 0.9013 0
0.8526281 1 1 0.5 0 1 0.0516 0
0.9409818 -1 0 0.5 0 -1 0.5707 -1
0.5 0 -1 0.5 2 0 0.6607 0
0.5 1 1 0.75 0 1 0.8126 0
0.9167664 1 0 0.75 1 1 0.7351 0
0.8760261 1 1 0.75 3 1 0.4753 0
0.5 0 0 0.5 0 0 0 0
0.9688233 0 0 0.75 1 1 0.658 0
0.9153702 0 0 0.75 1 0 0.4215 0
0.5 0 -1 0.5 1 0 0 -1
0.9723283 1 1 0.75 2 1 0.5859 0
0.04072884 0 -1 0.25 0 0 -0.4588 0
0.7257552 0 -1 0.5 2 0 0 0
0.5 0 1 0.75 1 1 0.4753 0
0.5 0 -1 0.5 0 1 0 0
0.8209367 0 1 0.5 0 0 0.34 0
0.8656632 1 -1 1 1 1 0.6666 0
0.5 0 1 0.75 1 1 0 0
0.2540865 1 -1 0.75 0 1 0.6322 0
0.5 -1 -1 0.5 0 0 0 0
0.8062247 -1 -1 1 2 1 0.2724 0
0.7657915 1 1 0.75 2 1 0.9382 0
0.781594 0 -1 0.5 0 0 0.296 0
0.5 0 -1 0.5 0 0 0 0
0.0002801916 -1 -1 0.75 -1 1 -0.8248 0
0.8941878 0 -1 0 0 1 0.4391 1
0.5 0 -1 0.5 1 0 0 0
0.1345252 -1 -1 0.75 1 -1 0.0114 0
0.8770308 1 1 0.75 2 1 0.7263 0
0.2164817 -1 -1 0.25 -1 -1 -0.296 0
0.5 1 -1 0.75 0 1 0 0
0.188898 0 -1 0.25 -3 -1 -0.7579 0
0.5 0 -1 0.5 -1 0 0 0
0.09265103 -1 -1 0.75 0 -1 -0.4391 0
0.5 0 -1 0.5 0 0 0 0
0.5 0 -1 0.5 0 1 0 0
0.959294 1 0 0.5 0 1 0.7125 0
0.04145951 -1 -1 0.25 0 -1 0 0
0.1739079 0 -1 0.5 -1 0 0.5389 0
0.5 -1 -1 0.5 -2 -1 -0.296 0
0.7554095 1 -1 0.25 0 1 0.25 -1
0.9544012 1 -1 0.75 0 1 0.2023 0
0.04454835 1 1 0.75 1 1 -0.2023 0
0.2871236 1 -1 0.5 0 1 0 0
0.1837719 1 -1 0.5 1 -1 0.0191 -1
0.3189769 0 -1 0.5 1 -1 0.5473 0
0.5 0 0 0.5 2 0 0 0
0.5 0 -1 0.75 0 1 0 0
0.1985093 0 -1 0.25 1 -1 0.4215 0
0.1240148 -1 -1 0.25 -1 -1 -0.3818 -1
0.2878741 1 1 0.75 1 1 0.4404 0
0.5 1 0 0.5 0 1 0 0
0.8329205 1 -1 0.75 0 1 0.6369 0
0.04116156 0 -1 0.25 -2 0 -0.3384 0
0.5 0 -1 0.5 0 0 0 0
0.5 0 -1 0.5 0 0 0 0
0.8037872 1 1 0.5 0 1 0.4404 0
0.5 0 0 0.5 1 0 -0.2695 0
0.9643251 1 1 1 1 1 0.7902 0
0.8342859 0 -1 0.75 1 -1 0.4588 0
0.9329864 0 0 0.5 1 1 0.5574 0
0.5 -1 -1 0.25 -1 -1 -0.3818 0
0.887005 0 -1 0.75 0 0 0.25 0
0.9763702 0 0 0.5 1 0 0.4871 0
0.8024543 1 -1 0.75 3 1 0.8955 0
0.5 1 -1 0.75 -1 0 0 0
0.5 0 -1 0.5 0 0 0 0
