0.780573 1 1 0.75 2 1 0.5994 -1
0.8347597 1 -1 1 1 1 0.6249 1
0.8302304 1 -1 0.5 0 0 0.4939 -1
0.9519315 1 -1 0.25 1 1 0.4215 -1
0.8630642 0 0 0.75 2 -1 0.4003 -1
0.5451183 -1 -1 0.5 1 -1 -0.5307 -1
0.6480601 0 1 0.5 -1 -1 0 0
0.8864031 -1 1 1 2 1 0.4927 1
0.1528568 -1 -1 0.25 -3 -1 0 -1
0.9688574 -1 0 0.75 0 1 0 -1
0.3845004 1 1 0.75 2 1 0.7184 1
0.4364344 0 -1 0.25 -1 -1 -0.296 0
0.4543946 0 0 0.25 0 0 0 -1
0.0368042 0 -1 0.25 -3 -1 -0.6369 -1
0.2395529 0 -1 0.25 0 -1 -0.4019 -1
0.557849 0 -1 0.5 0 1 0.34 0
0.3893161 -1 0 0.25 -4 -1 -0.7777 -1
0.4156927 0 -1 0.25 -1 -1 -0.6597 -1
0.2575046 -1 -1 0 -3 -1 -0.4159 -1
0.8791751 1 1 0.75 -1 1 0.802 -1
0.2552226 1 -1 0.75 0 1 0 -1
0.560653 0 0 0.5 0 0 0 0
0.1049974 -1 -1 0.25 0 -1 -0.3182 -1
0.5384656 -1 -1 0.25 0 -1 0 -1
0.2970102 0 -1 0.5 0 0 -0.1779 0
0.9330622 -1 -1 0.25 0 -1 -0.5473 1
0.5687237 0 0 0.5 0 0 0 0
0.8790637 1 1 0.75 2 1 0.4939 1
0.9020317 0 0 0.5 -1 0 0.1027 1
0.3884649 0 -1 0.5 1 0 0 0
0.6105922 1 -1 0.5 -1 -1 0.3818 -1
0.978307 1 -1 0.75 2 1 0.8176 1
0.8262041 1 0 0.5 0 1 0.5574 1
0.3364187 -1 -1 0.25 -1 -1 0.2714 -1
0.3570314 -1 1 0.25 -3 0 0 1
0.1500677 -1 -1 0 -2 -1 -0.5719 -1
0.9807993 0 -1 0 1 1 -0.0772 -1
0.1834462 -1 -1 0.25 -1 -1 -0.4215 -1
0.88491 1 0 1 0 1 0.7579 1
0.2540309 0 -1 0.25 -1 -1 -0.25 0
0.5193918 1 -1 0.75 1 1 0.6808 -1
0.4893005 0 0 0.25 1 1 0.5574 -1
0.523367 0 -1 0.5 0 1 0 1
0.4855387 0 -1 0.25 -1 -1 0 -1
0.1177591 0 0 0.25 0 0 0.3818 0
0.9469546 0 0 0.5 -1 1 0 1
0.02379451 -1 -1 0 -2 -1 -0.5574 -1
0.09852803 1 -1 0.25 0 -1 -0.296 -1
0.6647316 -1 -1 0.75 0 1 0.2732 -1
0.2429745 -1 -1 0.75 -1 1 0.2263 -1
0.8341616 -1 -1 0.75 -2 -1 -0.4767 -1
0.5118567 0 -1 0.75 0 1 0 -1
0.5488209 0 -1 0.75 3 1 0.624 1
0.6312676 0 -1 0 0 -1 0 -1
0.02387466 0 -1 0.25 1 -1 -0.5562 -1
0.8608236 -1 0 0.5 -1 1 0 -1
0.9563811 1 0 0.75 0 1 0.6597 1
0.468214 1 -1 0.25 -1 1 0.6705 1
0.3305894 0 -1 0.5 0 0 0 0
0.1961348 -1 0 0.25 -1 -1 -0.743 -1
0.7504813 -1 -1 0.25 -2 -1 -0.4389 -1
0.9313797 0 0 0.75 0 1 0.4767 1
0.6208156 0 0 0.5 0 0 0 0
0.9697158 1 -1 0.5 1 1 0.4404 1
0.5001812 1 0 0.75 -1 0 0 -1
0.5699957 -1 -1 0.25 -3 -1 -0.4215 -1
0.6988941 0 -1 0.75 0 1 0.4404 0
0.9486368 1 -1 0.75 0 1 0.2732 0
0.621085 1 1 0.75 0 1 0.6369 1
0.9199082 1 -1 0.5 0 1 0.2732 0
0.1858883 -1 0 0 -2 -1 0.1511 -1
0.5400712 0 -1 0.25 0 0 0 0
0.4677657 0 -1 0.5 0 1 0 1
0.8301508 0 -1 0.25 -1 1 0 -1
0.1435442 0 -1 0.5 0 1 0.25 1
0.826319 0 0 0.25 0 1 0.34 -1
0.4884816 0 0 0 0 -1 -0.1779 -1
0.8074909 1 1 1 2 1 0.7506 1
0.2743597 0 0 0.5 0 0 0 0
0.01902354 0 -1 0 -1 -1 -0.4588 -1
0.1400314 0 1 0.25 -1 0 0 1
