0.9502077 1 0 0.75 3 1 0.636 1
0.001970446 0 -1 0.25 -1 1 -0.7184 0
0.1040012 -1 -1 0 -4 -1 -0.8553 -1
0.5 0 0 0.5 0 0 0 -1
0.05064962 -1 -1 0.75 1 -1 0.0258 0
0.09951746 -1 -1 0.25 -2 -1 -0.636 -1
0.09382666 -1 -1 0 -1 -1 -0.6486 -1
0.9462614 0 1 0.25 -2 -1 -0.1531 -1
1.186369e-05 -1 -1 0.25 1 -1 0.5162 -1
0.5 0 -1 0.5 0 0 0 1
0.5 -1 -1 0.5 0 -1 0 -1
0.2323018 0 -1 0.5 -2 0 0.6822 -1
0.9041504 -1 -1 0.75 -1 1 0.5652 1
0.1076657 -1 -1 0.25 -2 -1 -0.4767 -1
0.5 0 0 0.5 0 -1 -0.1027 -1
0.5 0 0 0.5 1 0 0 0
0.001768632 -1 -1 0.25 -2 -1 -0.9313 -1
0.5 0 0 0.5 0 -1 0 0
0.5 0 0 0.5 1 1 0.3595 0
0.316906 -1 -1 0.5 0 -1 -0.1027 -1
0.05526297 -1 -1 0.25 -2 1 -0.3561 -1
0.8702828 1 0 0.25 2 1 0.4215 -1
0.9479975 1 1 0.75 1 1 0.9001 0
0.8456905 1 0 0.5 0 1 0.128 0
2.471604e-05 -1 -1 0 0 -1 -0.9457 -1
0.836689 1 -1 0.75 1 1 0.2444 -1
0.8191283 0 -1 0.5 1 0 0.0772 -1
0.7679531 0 1 1 2 1 0.5859 -1
0.8771949 1 -1 0.5 1 1 0.7606 0
0.5 0 -1 0.5 0 1 0 -1
0.5 0 -1 0.25 -2 0 0 -1
0.997186 1 -1 0.5 0 1 0.8047 1
0.00107324 -1 -1 0.25 -2 -1 -0.9426 -1
0.7642854 -1 -1 0.75 -1 -1 0.6834 -1
0.1138386 0 0 0.75 -1 -1 0.1511 -1
0.5 -1 0 0 -1 -1 -0.5859 -1
0.5 1 -1 0.75 1 1 0.4201 0
0.09786977 -1 -1 0.25 -2 0 -0.8402 -1
0.01830588 -1 -1 0 -2 -1 -0.836 -1
0.2287415 -1 0 0 -2 -1 -0.5423 -1
0.5 0 0 0.5 0 0 0 0
0.9875724 1 1 0.75 2 1 0.7717 1
0.1074798 -1 -1 0.5 -1 -1 -0.3056 -1
0.9657264 1 0 0.75 -2 0 0.6369 -1
0.1148545 -1 0 0.5 1 1 0.9287 -1
0.5 0 0 0.5 0 0 0 0
0.1623073 0 -1 0.75 -1 1 0.4019 0
0.08402882 -1 -1 0.25 -2 -1 -0.5974 0
0.5 1 0 0.5 1 1 0.5859 -1
0.7707831 0 -1 0.5 0 0 0 0
0.771229 1 0 1 1 1 0.743 1
0.9802031 1 -1 0.25 1 0 0.4404 -1
0.9663152 0 -1 0.75 0 1 0.7149 -1
0.8211764 -1 -1 0.25 -2 0 -0.884 -1
0.8444794 1 -1 0.5 2 0 -0.2285 -1
0.2861176 0 -1 0.5 1 0 0.3595 0
0.1290551 -1 -1 0.25 0 0 -0.5574 -1
0.07299773 1 -1 0.75 0 0 0.0258 0
0.5 0 -1 0.25 0 0 0.4939 -1
0.9864248 1 -1 0.25 -2 1 0.9239 -1
0.001121122 -1 -1 0.5 0 0 0.9057 -1
0.0652113 1 -1 0.75 -1 1 0.965 0
0.1709435 -1 1 0.25 -2 -1 -0.623 1
0.9402746 -1 -1 0.5 -1 -1 0.34 -1
0.951212 1 0 1 0 1 0.8625 1
0.5 1 0 0.5 0 1 0 0
0.9993082 1 0 0.75 -2 1 0.9829 1
0.9742755 0 -1 0.25 1 1 -0.05 -1
0.1972323 -1 1 0 -2 -1 -0.3804 -1
0.04613075 0 -1 0.75 0 1 0.4019 -1
0.2428712 0 0 0.75 -1 -1 0.1779 -1
0.890645 1 -1 0.75 2 1 0.7003 0
0.06532864 -1 -1 0.25 -1 -1 0.6567 -1
0.5 0 -1 0.25 1 -1 0 -1
0.02433956 -1 -1 0.5 -2 -1 -0.6868 -1
0.03186672 -1 -1 0.5 -1 -1 -0.4217 -1
0.5 -1 1 1 0 -1 0.4847 0
0.5 0 0 0.5 0 0 0 0
0.1502809 -1 -1 0.25 -1 0 -0.5574 -1
0.5 -1 -1 0.5 -1 -1 0 0
0.00440018 -1 -1 0.25 -2 -1 -0.93 -1
0.1818584 0 -1 0.25 0 1 -0.6278 1
0.210041 -1 -1 0.5 -1 -1 -0.6395 -1
0.5 0 0 0.5 0 0 0 0
0.01452122 -1 -1 0.25 -2 -1 -0.7269 -1
0.2831424 0 -1 0.75 0 0 0.3182 1
0.8255879 0 0 0.5 1 0 -0.182 1
0.9182098 1 0 0.75 3 1 0.3802 1
0.7492865 -1 -1 0.5 1 1 0.5994 0
0.9349208 1 0 1 2 1 0.6249 1
0.946329 1 1 0.5 0 0 0.0312 -1
0.5 1 1 0.75 0 1 0.2732 -1
0.07367215 0 -1 0.75 -1 -1 -0.4767 -1
0.9934679 1 1 0.5 1 1 0.9246 -1
7.387829e-06 -1 -1 0.25 -3 -1 -0.9848 -1
0.8423683 0 -1 0.25 0 -1 0.1027 -1
0.8913061 0 -1 0.75 3 1 0.4926 1
0.5 -1 -1 0.25 -1 -1 -0.3182 1
0.5 0 0 0.5 0 0 0 0
0.5 0 1 0.5 0 0 0 -1
0.02793847 1 -1 0.5 0 1 0.7461 -1
0.5 0 0 0.5 0 0 0 0
0.1945357 1 -1 0.75 1 1 0.2755 1
0.2368606 -1 0 0 -1 -1 -0.4404 -1
0.8659609 1 1 0.5 0 1 0.5994 1
0.5 1 -1 0.75 0 1 0.3612 1
0.8196058 0 -1 0.25 0 -1 0.4497 -1
0.9496049 1 1 0.75 1 1 0.7901 1
0.9977488 1 1 0.75 2 1 0.9527 -1
0.5 1 -1 1 1 0 0 -1
0.5 1 -1 0.5 0 -1 0 0
0.2294675 1 -1 0.75 2 1 0.7579 -1
0.9256658 1 1 0.5 1 1 0.6908 1
0.1045513 -1 -1 0.25 -1 -1 -0.1114 -1
0.9468214 1 -1 0.75 0 1 0.5106 1
0.5 1 -1 0.25 0 1 -0.296 1
0.1867502 -1 -1 0.75 -1 -1 0.2746 -1
0.7574373 0 -1 0.25 -1 1 -0.2168 -1
0.5 1 -1 0.75 2 1 0.474 -1
0.1385699 0 0 0.5 -1 -1 -0.4939 -1
0.5 0 0 0.5 0 0 0 1
0.01335015 -1 0 0.25 -1 -1 -0.7506 -1
0.5 0 0 0.5 1 0 -0.128 -1
0.5 0 0 0.25 0 0 0 0
0.1734845 -1 -1 0.25 -2 0 -0.3818 0
0.5 -1 0 0.5 -2 -1 -0.3802 -1
0.009504272 -1 -1 0.25 -1 0 -0.8519 -1
0.9997886 0 -1 0.25 0 1 0.8363 -1
0.1809273 0 -1 0.25 -1 1 -0.3818 -1
0.797743 0 1 0.75 1 1 0.4019 0
0.9581361 1 0 0.75 1 1 0.3657 1
0.002106458 -1 0 0 -3 -1 -0.25 -1
0.2119652 -1 -1 0.25 0 -1 0.4215 1
0.5 -1 -1 0.25 -1 -1 -0.4019 -1
0.8018302 0 0 1 1 0 0.4404 -1
0.01061606 -1 -1 0.25 -2 -1 0.4331 -1
0.8559387 -1 0 0.75 1 1 0.476 -1
0.9513371 -1 -1 0.25 -2 -1 0.5621 -1
0.006376751 -1 -1 0.5 -2 -1 -0.8478 -1
0.007759308 -1 -1 0.25 -2 -1 -0.6542 -1
0.975196 1 1 0.5 1 1 0.4588 1
0.5 0 -1 0.5 0 1 0 -1
0.1878438 -1 -1 0.25 -2 1 -0.3939 -1
0.5 0 0 0.5 0 0 0 0
0.9986867 1 -1 0.75 1 1 0.8176 1
0.1402997 -1 0 0.25 0 -1 -0.6114 -1
0.8661871 1 -1 0.75 -1 1 0.9562 0
0.1828228 -1 -1 0.25 -1 -1 0.8021 -1
0.006332316 0 0 0.25 -2 0 -0.5859 -1
0.772134 0 -1 1 1 -1 0.4215 0
0.5 0 -1 0.5 1 1 0 1
3.376015e-06 -1 -1 0.25 -1 -1 -0.9716 -1
0.5 0 0 0.5 0 0 0 1
0.9568289 0 0 0.5 2 0 0.7772 0
0.2426198 1 -1 0.5 1 1 0.4767 -1
0.8701055 0 1 0.75 -1 0 0.5719 1
0.8565889 1 1 0.75 2 1 0.5267 1
0.125397 -1 0 0.25 -1 0 -0.4588 -1
0.5 0 -1 1 -1 -1 -0.296 0
0.8883681 -1 -1 0.25 -1 -1 -0.9028 -1
0.6833229 -1 0 0.25 0 -1 -0.1761 0
1.999703e-05 -1 -1 0.25 0 -1 -0.9074 -1
0.5 0 -1 0.25 0 1 0 0
0.9993465 1 0 1 1 0 0.7906 1
0.5 0 -1 0.75 1 1 -0.2244 1
0.7815504 1 0 0.75 2 1 0.5399 0
0.9207906 1 1 0.75 2 1 0 1
0.9013879 0 0 1 1 1 0.6908 1
0.8625274 0 -1 0.5 -1 1 0.3818 0
0.06850576 -1 -1 0.5 -2 1 -0.8807 -1
0.5 -1 -1 0.5 -2 -1 -0.6704 -1
0.9281246 0 -1 0.5 1 1 0 -1
0.9303058 1 -1 0.75 1 1 0.6486 -1
0.01168347 -1 0 0.75 -3 0 -0.6808 0
0.5 0 -1 0.75 -2 0 0 1
0.5 1 0 0.5 1 1 0.3612 0
0.03156539 0 -1 0.75 1 0 0.3728 0
0.09589286 -1 -1 0.5 -2 -1 -0.5829 -1
0.5 -1 -1 0.5 -1 -1 -0.4019 -1
0.2191672 0 0 0.5 0 0 0 0
0.01280214 0 -1 0.25 -3 -1 -0.8555 -1
0.1372852 0 -1 0.5 0 0 0 -1
0.9772103 1 0 0.5 2 1 0.5859 1
0.9996267 0 1 0.75 1 1 0.8519 -1
0.01089214 -1 -1 0.25 -2 1 -0.6483 -1
0.5 0 0 0.75 0 1 0 1
0.992905 1 -1 0.75 1 1 0.934 -1
0.5 1 1 0.75 1 1 0.5859 1
0.5 -1 0 0 -2 -1 -0.5423 -1
0.5 0 0 0.5 0 -1 0 -1
0.1381546 -1 -1 0.75 -3 -1 -0.5994 -1
0.001116524 -1 -1 0.25 -2 -1 -0.9427 -1
0.5 0 0 0.5 2 0 0.4753 1
0.05029877 -1 -1 0.5 -1 -1 0.6994 0
0.01615537 -1 -1 0.25 -1 0 -0.5267 -1
0.02291887 0 -1 1 1 1 -0.202 -1
0.969373 -1 -1 0.5 -2 1 0.9611 -1
0.04502554 -1 -1 0.25 0 -1 0 -1
0.2867466 1 1 0.75 2 1 0.3716 0
0.8709588 1 -1 0.75 1 1 0.6486 0
0.1946275 -1 -1 0.5 0 1 0.8832 -1
0.2220541 1 -1 0.25 -2 0 0.7639 -1
0.0333162 0 -1 0.75 0 1 -0.3382 0
0.1263005 0 -1 0.75 0 1 0.4201 0
0.5 0 -1 0.5 1 0 0 -1
0.1651434 1 -1 0.5 1 1 -0.2755 -1
0.959912 1 1 0.75 3 1 0.624 1
0.5 0 0 0.5 0 0 0 0
0.7558616 0 -1 0.75 -2 -1 -0.1759 -1
0.01861171 1 -1 0.25 -2 -1 -0.4767 -1
0.9571256 1 -1 0.75 -1 1 0.9264 0
0.5 0 0 0.5 0 0 0 1
0.7783868 -1 0 0.25 -3 -1 -0.4404 1
0.05549506 -1 -1 0.75 1 0 0.1139 -1
0.5 0 0 0.5 0 0 0 0
0.2765067 0 -1 0.5 -1 1 -0.1027 -1
0.02165164 -1 -1 0.25 -1 -1 -0.5729 -1
0.8592861 0 -1 0.25 0 1 0.6083 0
0.9040309 0 1 0 1 -1 -0.128 -1
0.003401473 -1 -1 0.5 0 -1 0.2263 -1
0.03755874 -1 -1 0.5 0 0 0 -1
0.8317423 1 -1 0.75 0 1 0.4767 -1
0.006478695 -1 -1 0 -2 -1 -0.9634 -1
0.8806086 0 -1 0.25 -2 -1 0.2023 -1
0.04678045 -1 -1 0.75 -1 -1 -0.5023 0
0.8412624 0 -1 0.5 0 0 0.2263 -1
0.1203975 -1 -1 0.25 -2 -1 -0.4215 -1
0.8957279 0 -1 0.5 0 -1 0.2247 -1
0.001624616 1 -1 0 0 0 -0.6757 -1
0.8042095 1 -1 0.75 1 0 0.7783 0
0.5 0 0 0.5 0 0 0 0
0.5 -1 -1 0 0 -1 -0.5994 0
0.9999219 1 1 0.75 1 1 0.9875 0
0.1239306 -1 -1 0.5 0 -1 0 -1
0.5 0 -1 0.5 0 0 0 -1
0.9999928 0 -1 0.75 0 1 0.9295 -1
0.9488384 1 0 0.75 1 1 0.7941 -1
0.001047849 -1 -1 0.25 -1 -1 -0.9465 -1
0.8621662 1 -1 0.5 0 1 0 -1
0.5 1 -1 0.5 1 1 0.3612 1
0.9461828 0 -1 0 0 0 -0.4696 -1
0.9731548 1 -1 1 1 1 0.8516 1
0.272429 -1 0 0.75 1 0 0.3612 -1
0.003984029 -1 -1 0.25 0 -1 -0.3182 -1
0.9979211 1 1 0.75 0 1 0.9601 -1
0.7928802 0 -1 0.25 -1 1 -0.1531 0
0.5 0 -1 0.5 1 0 0 -1
0.7411725 -1 -1 0.75 1 1 0.2401 -1
0.9319145 0 -1 0.5 0 1 0.3182 0
0.167156 0 0 0.5 0 -1 0 -1
0.9355335 1 -1 0.75 2 0 0.6901 1
0.5 0 -1 0 0 1 0 -1
0.1073856 0 -1 0 -1 1 -0.6249 -1
0.1180715 -1 -1 0.25 0 -1 -0.2212 -1
0.5 0 1 0.5 0 0 0 0
0.8079054 0 0 0.25 -1 1 -0.25 -1
0.1293062 -1 -1 0.5 -2 -1 -0.4939 -1
0.5 0 0 0.5 0 0 0 -1
0.01140051 -1 -1 0.75 1 -1 0.5986 -1
0.9601362 1 1 1 2 1 0.8176 0
0.9710284 1 0 1 1 1 0.8383 0
0.001829021 -1 -1 0.25 -2 -1 -0.9776 -1
0.9861948 0 -1 0.75 -2 -1 -0.3619 -1
0.8915037 -1 0 0 -2 0 0.5106 -1
0.9716404 1 1 1 3 1 0.6084 1
0.9916693 1 1 0.75 2 1 0.9201 1
0.724023 1 1 0.75 1 1 0.4019 1
0.8779001 1 1 0.75 1 1 0.4404 1
0.5 -1 0 0 0 -1 0 -1
0.3011575 0 -1 0.5 0 0 0 1
0.0497052 -1 -1 0.25 -1 -1 -0.7584 -1
0.5 1 0 0.75 1 1 0.3612 0
0.06827628 -1 -1 0.75 -1 0 0.52 0
0.8304667 -1 1 0.75 -1 -1 -0.7003 1
0.937198 1 -1 0.75 0 1 0.6808 -1
0.05305451 1 -1 0.75 -1 1 -0.3578 -1
0.2251945 0 -1 0.5 1 0 -0.4184 -1
0.5 0 0 1 0 0 -0.296 1
0.1019079 -1 0 0.25 -2 -1 -0.5848 -1
0.5 1 0 0.75 0 1 0 0
0.794709 1 0 1 2 1 0.7717 1
0.5 0 1 0.75 1 1 0.4767 1
0.09406872 -1 -1 0.25 -1 -1 -0.4215 -1
0.894645 1 0 0.75 -1 1 0.6581 -1
0.8499573 1 -1 0.75 1 1 0.9295 0
0.2582433 -1 -1 1 -1 -1 0.3612 -1
0.9732297 1 -1 0.75 1 1 0.9919 -1
0.8409385 -1 1 0.75 -1 1 0.4404 -1
0.0726757 0 -1 1 0 0 -0.1779 0
1.710421e-05 -1 -1 0.25 -1 0 -0.25 -1
0.9865931 1 1 1 3 1 0.6588 1
0.07545608 0 -1 0.75 -2 0 0.6808 -1
0.5 0 0 0.5 0 0 0 0
0.5 0 -1 0.25 -1 1 0.0258 0
0.5 -1 0 0.5 -2 -1 -0.2023 -1
0.002153392 -1 -1 0.5 -1 -1 -0.8674 -1
0.004407175 -1 -1 0.25 0 1 -0.2481 -1
0.8848428 -1 -1 0.75 -1 -1 0.25 -1
0.8467521 0 1 0.25 1 0 0.5849 1
0.9067204 1 1 0.75 -1 -1 0.4215 -1
0.9907242 1 1 0.5 1 1 0.2716 1
0.9979487 1 -1 0.75 1 1 0.8126 0
0.9231721 1 -1 0.75 -2 1 0.4215 -1
0.5 1 -1 0.75 0 1 0 -1
0.5 -1 0 0.5 -1 -1 -0.34 -1
0.8014635 -1 0 0 0 -1 0.4215 0
0.984251 1 1 0.75 0 1 0.7906 1
0.03556652 -1 0 0.75 0 0 -0.5647 0
0.01309035 -1 -1 0 -4 -1 -0.1291 -1
0.0188849 -1 -1 0.5 -2 -1 -0.7351 -1
0.5 0 0 0.5 0 0 0 0
0.2297886 1 -1 0.5 -1 -1 0 1
0.5 1 -1 0.5 1 1 0.3612 -1
0.8636787 0 0 0.75 0 -1 0.1779 0
0.9807279 -1 1 0.75 1 -1 0.7003 1
0.771252 0 1 0.25 1 1 0.4574 1
0.9576729 0 -1 0.5 0 0 0.903 0
0.2015617 1 -1 0.5 1 1 -0.2755 -1
0.02816493 0 -1 0.25 -1 1 -0.5574 -1
0.9912242 1 -1 0.75 1 1 0.6486 1
0.5 0 0 0.5 0 0 0 0
0.007233091 -1 -1 0.75 -1 -1 0.1491 -1
0.8252868 0 -1 0.75 0 1 0.4215 -1
0.9787042 1 1 0.75 2 1 0.4939 0
0.5 0 -1 0.5 0 0 0 -1
0.1145603 -1 -1 0.25 -1 -1 -0.7644 -1
0.5 1 -1 0.5 1 1 0.3612 -1
0.1736197 -1 -1 0.25 -1 -1 0.2023 -1
0.5 0 1 0.5 0 0 0 0
0.7846189 1 -1 0.25 -1 1 0.9376 0
0.2625656 0 -1 0.5 0 0 0 -1
0.2529991 0 -1 0.5 1 1 0 -1
0.5 0 -1 0.75 0 1 0 1
0.8486468 1 -1 0.75 1 1 0.4404 1
0.7991895 1 1 0.75 1 1 0.4404 1
0.8627687 1 -1 0.5 0 1 0.5423 -1
0.2295889 0 -1 0 -1 -1 -0.1531 -1
0.1452019 0 -1 0.5 0 0 0 -1
0.5 0 -1 0.5 1 0 0.5562 -1
0.002285544 -1 -1 0.5 -1 -1 -0.802 -1
0.0004365814 -1 -1 0 2 -1 -0.4228 -1
0.1308763 0 -1 1 0 -1 0.5106 -1
0.3135097 0 -1 0.75 2 1 0.4199 1
0.2466454 1 -1 0.25 0 0 -0.5574 -1
0.5 0 0 0.25 -3 -1 0 -1
0.1628061 -1 0 0.25 -2 -1 -0.5106 0
0.744089 -1 -1 0.25 -1 -1 0.3818 -1
0.5 0 -1 0.5 0 0 0 0
0.5 0 0 0.5 0 0 0 0
0.006945643 -1 1 0 2 -1 -0.4349 0
0.0001934814 -1 -1 0.25 0 -1 -0.8147 1
0.5 0 0 0 1 0 0 0
0.8515898 -1 -1 0.25 0 -1 0.5125 0
0.01242688 -1 -1 0.75 -2 -1 -0.8519 0
0.8448593 1 -1 0.25 0 1 -0.5996 -1
0.2243431 -1 -1 0.5 -1 -1 -0.2975 -1
0.2221017 -1 -1 0 -2 1 -0.3353 -1
0.5 0 -1 0.5 1 0 0 1
0.9978517 1 -1 1 -1 0 0.7351 -1
0.04076652 -1 -1 0.25 1 -1 -0.6298 -1
0.8229491 1 1 0.5 1 1 0 1
0.8345698 0 -1 0.5 0 0 0 0
0.1520651 1 0 0.75 0 0 0.4588 1
0.5 0 -1 0.5 0 1 -0.296 1
0.00838824 -1 0 0 -2 -1 -0.5461 -1
0.5 0 0 0.25 0 0 0 0
0.01264335 -1 -1 0 0 -1 -0.7096 -1
0.05978835 -1 -1 0.25 -1 1 -0.7351 -1
0.007543114 -1 -1 0.75 0 -1 0.2818 1
0.5 -1 0 0.5 -1 -1 -0.0516 0
0.5 0 0 0.5 0 0 0 0
0.5 0 -1 0.5 0 0 0 0
0.5 0 0 0.5 0 0 0 0
0.9311862 0 -1 0.75 0 1 0.7841 0
0.5 0 -1 0.5 0 -1 0.0772 0
0.003078906 -1 -1 0.25 -2 -1 -0.5686 -1
0.9344705 -1 -1 0.75 1 1 0.7433 -1
0.9782643 1 -1 1 2 1 0.6249 1
0.1521208 -1 -1 0.75 1 -1 0.4588 1
0.8020129 1 -1 0.25 -1 1 0.1109 -1
0.01978187 0 1 0.25 -1 1 -0.0772 -1
0.009478157 -1 -1 0.25 -2 -1 -0.8777 -1
0.04818147 -1 -1 0.25 -1 -1 0.7242 0
0.5 0 0 0.5 -1 0 0 1
0.9457683 1 -1 0.5 2 1 0.6331 1
0.8221022 0 0 0.25 0 0 0 0
0.9887672 1 1 0.75 1 1 0.8316 1
0.5 0 -1 0.5 1 0 0 -1
0.2480487 0 -1 0.25 0 -1 0.2584 -1
0.5 0 0 0.5 0 0 0 0
0.5 1 -1 0.75 1 1 0.3612 1
0.7933491 1 -1 0.75 2 1 0.4939 -1
0.9642227 1 -1 0.5 3 1 0.803 0
0.06797638 -1 -1 0.75 -2 -1 0.1969 -1
0.0001188729 1 -1 0.75 1 1 -0.4613 -1
0.9316827 1 1 0.75 2 1 0.743 1
0.8436159 0 -1 0.75 1 0 0.4003 -1
0.8292666 0 0 0.5 0 0 0.3182 0
0.9821765 -1 -1 0.5 -1 1 0.8047 0
0.5 0 0 0.5 0 0 0 0
0.5 0 0 0.5 0 1 0 0
0.9195811 1 0 0.5 -1 1 -0.7078 -1
0.9475706 0 -1 0.75 0 1 0.6739 0
0.02351443 -1 -1 0.5 -1 -1 -0.9645 -1
0.5 0 -1 0 -2 0 -0.5423 0
0.03745926 0 -1 0.25 -2 0 -0.7269 -1
0.001284467 -1 -1 0.25 -3 -1 -0.8405 0
0.2224847 0 -1 0.5 -1 1 0.4588 0
0.8428858 0 -1 0.25 1 1 -0.2411 -1
0.5 0 0 0.5 0 0 0 0
0.8926912 1 -1 1 1 1 0.5093 0
0.2103833 -1 0 0.5 -2 -1 -0.2363 -1
0.5 0 0 0.5 0 0 0 1
0.03658516 0 -1 0.25 -1 -1 0.2732 -1
0.0008594439 -1 -1 0.5 -1 -1 -0.9062 -1
0.5 1 -1 0.5 1 1 0.3612 0
0.1391481 -1 -1 0 -3 0 -0.8074 -1
0.03008931 0 0 0.25 -2 0 -0.6739 -1
0.9692881 1 0 0.75 -1 1 0.6705 0
0.9819177 0 -1 0.75 0 -1 0.714 1
0.7625918 0 -1 0.25 0 0 0.25 -1
0.201458 1 -1 0.5 0 1 0 -1
0.9889152 1 1 0.75 2 1 0.743 1
0.8744934 0 -1 0.5 1 -1 0.4215 0
0.04193307 1 -1 0.75 0 0 -0.2828 1
0.9953395 1 -1 0.75 0 1 0.3237 0
0.9383864 1 -1 0.75 1 1 0.4215 0
0.0002357759 -1 -1 0.25 -1 -1 -0.875 -1
0.8155294 0 0 0.5 0 0 0 0
0.827471 1 0 0.75 1 1 0.7557 1
0.06942229 -1 -1 0.25 -2 -1 -0.25 -1
0.5 0 1 0.5 0 1 -0.1877 1
0.5 0 0 0.5 1 0 0 0
0.5 0 -1 0.5 -1 1 -0.631 -1
0.1093519 -1 -1 0.5 0 0 -0.1531 -1
0.9774118 1 -1 0.75 1 1 0.3612 -1
0.9366919 0 1 1 -1 1 0.0258 1
0.9878354 1 -1 0 2 1 0.4588 1
0.8945113 1 1 0.75 0 1 0 1
0.7710896 1 1 0.75 1 1 0.4404 0
0.06358809 -1 -1 0.5 1 1 0.296 0
0.5 1 1 0.5 0 1 0 1
0.1757268 1 -1 0.75 0 1 0.7929 -1
0.05057403 0 0 0.5 -2 0 -0.4939 0
0.5 0 1 0.5 1 0 0 0
0.2233602 1 0 0.75 1 1 0.4199 1
0.01257156 -1 -1 0.25 0 -1 -0.6583 -1
0.5 -1 0 0.25 -1 -1 0 -1
0.9689696 1 0 0.75 2 1 0.6705 0
0.2118825 -1 0 0.5 -1 -1 -0.4055 -1
0.02954703 0 1 0.5 1 0 -0.2714 0
0.0243404 -1 -1 0.25 -1 0 -0.2895 -1
0.5 0 0 0.5 0 -1 0 0
0.003053573 -1 0 0.5 0 1 0.3566 0
0.5 0 0 0 0 0 0 -1
0.03550676 -1 -1 0.25 -1 -1 -0.6369 0
0.5 0 0 0.5 0 0 0 -1
0.760604 1 -1 0.25 1 1 0.4019 0
0.1879636 -1 -1 0.25 1 1 -0.3412 -1
0.07250932 0 -1 0.75 -2 0 -0.4125 -1
0.5 0 0 0.25 0 -1 0 0
0.5 0 0 0.5 0 0 0 0
0.8020913 -1 -1 0.25 -2 -1 -0.8056 -1
0.5 0 -1 0.75 -1 1 -0.34 1
0.8056853 0 -1 0.75 0 0 0.0258 -1
0.7137731 0 0 0.5 2 0 0 -1
0.5 1 0 1 1 1 0.2714 1
0.7000874 0 0 0.5 0 0 0 0
0.8048077 -1 -1 0.75 1 1 0.6696 -1
0.05735295 -1 -1 0 -2 -1 -0.5719 -1
0.9740905 1 -1 0.75 -1 1 0.4767 -1
0.00118711 -1 -1 0.25 -1 -1 -0.848 -1
0.5 1 -1 0 1 0 0.3612 0
0.1963779 1 -1 0.75 -1 1 0.7549 -1
0.1658083 -1 -1 0.75 0 -1 0.2584 0
0.5 1 -1 0.25 0 1 0 -1
0.1360746 1 1 0.75 -1 1 -0.8537 -1
0.989835 0 -1 0.5 -3 1 0.5983 -1
0.9936448 1 1 0.75 2 1 0.4753 1
0.08239393 -1 -1 0.25 -1 -1 0.0376 -1
0.5 0 -1 0.5 0 0 0 0
0.5 0 -1 0.5 0 0 0 0
0.877466 -1 -1 0.5 -1 0 0.6486 -1
0.2645551 -1 -1 0.25 -1 -1 -0.5423 0
0.07468463 0 0 0.5 0 0 0.469 -1
0.9147547 1 0 0.75 1 1 0.6597 0
0.7845174 -1 -1 0.25 -1 -1 -0.4019 -1
0.772494 0 0 0 -2 -1 -0.296 -1
0.7813072 0 -1 0.25 0 -1 -0.204 -1
0.1592665 -1 0 0.25 0 1 0 0
0.7711593 1 -1 0.75 1 1 0.9274 -1
0.5 0 -1 0.5 -1 -1 0 -1
0.5 0 0 0.5 0 0 0 0
0.2047269 -1 -1 0.75 -2 1 -0.0772 -1
0.8672494 1 -1 0 1 1 0.0516 -1
0.9786461 0 -1 0 -1 1 0.0772 -1
0.7689274 0 -1 0.75 0 0 0 -1
0.1882903 1 -1 0.75 1 1 0.9009 1
0.002252816 0 -1 0 0 -1 0.4386 -1
0.8640683 0 0 0.5 0 0 0.2732 0
0.05612068 -1 -1 0.25 -1 -1 -0.8442 -1
0.7694866 -1 -1 0.75 -1 -1 -0.1027 -1
0.0088512 -1 -1 0.75 -2 -1 -0.886 -1
0.1658083 -1 -1 0.75 0 -1 0.2584 0
0.1032204 0 -1 0.5 0 1 0.4186 -1
0.7614725 0 -1 0.25 0 0 0.0129 0
0.1115442 -1 -1 0.25 0 -1 -0.1027 -1
0.1153824 1 -1 0.25 -1 1 -0.5924 -1
0.5 0 -1 0.5 0 0 0 0
0.1568273 -1 -1 0.75 -1 -1 -0.1531 -1
0.5 -1 -1 0.25 -2 1 -0.7184 -1
0.5 -1 0 0.5 0 -1 0 0
0.0006846297 -1 0 0.25 -3 -1 -0.8356 -1
0.5 1 1 0.75 0 1 0.4404 1
0.5 0 0 0.5 0 0 0 0
0.9481731 1 -1 0.75 1 1 0.2579 0
0.9179039 -1 -1 0.5 0 -1 0 0
0.5 0 0 0.5 0 0 0 0
0.1116963 -1 -1 0.5 0 -1 0.3252 1
0.5 0 -1 0.25 -2 0 -0.5106 -1
0.9561078 1 1 0.75 2 1 0.6114 1
0.2507364 0 -1 0.5 0 0 0.296 -1
0.8110338 1 0 0.75 0 0 0 1
0.2736318 0 0 0.5 1 0 0 1
0.9920222 1 1 0.75 2 1 0.8126 1
0.8860644 1 0 0.75 1 1 0.5904 1
0.01556199 -1 -1 0.75 1 -1 0.8376 -1
0.1971352 0 -1 0.5 -1 -1 0.6443 -1
0.7383897 1 -1 0.75 1 1 0.3612 0
0.08771644 -1 -1 0.25 1 -1 -0.0138 1
0.5 0 0 0.5 0 0 0 1
0.001069891 -1 -1 0.25 -1 0 -0.9097 -1
0.08170109 -1 -1 0.25 -3 -1 -0.4341 -1
0.001442347 -1 -1 0.25 -1 -1 -0.8442 -1
7.152834e-06 -1 -1 0.25 -3 -1 -0.9817 -1
0.01226182 -1 -1 0.25 -1 -1 -0.961 -1
0.000296161 -1 1 0.25 -1 -1 -0.7056 0
0.5 0 0 0.5 1 0 0 -1
0.5 -1 0 0.5 0 1 0 0
0.1436765 -1 -1 0.5 -1 -1 0.3818 0
0.9358406 1 -1 0.75 2 1 0.5423 -1
0.5 0 -1 0.5 0 0 0 -1
0.2511494 0 0 0.5 0 0 -0.296 -1
0.8909235 -1 -1 0.25 -2 -1 -0.6956 -1
0.5 1 -1 0.75 0 1 0.3612 1
0.5 -1 -1 0 0 -1 -0.5994 -1
0.890726 0 0 0.75 0 0 0.25 1
0.03945361 -1 -1 0.75 2 -1 0.605 -1
0.5 0 -1 0.25 0 -1 -0.2263 -1
0.0945653 1 0 0.5 0 1 0.5994 1
0.5 0 0 0.25 -1 0 0 0
0.5 0 -1 0.5 0 0 0 0
0.9010779 0 0 0.75 1 1 0.3182 1
0.2274922 0 0 0.75 1 1 0.4678 -1
0.5 0 0 0.5 0 0 0 0
0.9617005 1 -1 1 1 1 0.4588 -1
0.5 0 0 0.75 1 0 0 0
0.5 0 -1 0.5 0 0 0 -1
0.02827383 -1 -1 0.25 -2 0 -0.8382 -1
0.5 0 0 0.5 0 0 0 0
0.2568966 1 0 0.75 2 1 0.5859 1
0.1083337 1 -1 0.75 0 1 -0.0667 0
0.003481634 -1 -1 0.25 -2 -1 0.8966 -1
0.1531641 -1 0 0.5 1 1 -0.168 1
0.5 0 0 0.5 0 0 0 -1
0.03117371 0 -1 0.25 -2 -1 -0.717 -1
0.9433677 1 -1 1 1 1 0.7579 0
0.5 0 0 0.5 0 0 0 -1
0.8948942 1 -1 0.5 1 0 -0.6377 1
0.9280524 1 1 0.75 -1 1 0.4019 1
0.00105519 -1 -1 0.25 -2 -1 -0.7184 -1
0.9990626 1 -1 0.25 -2 1 0.921 0
0.9912543 1 -1 0.75 1 1 0.7564 -1
0.9999802 1 -1 0.25 -2 1 0.9836 0
0.91694 1 1 0.75 1 0 0.4926 0
0.9997871 1 0 1 3 1 0.9901 1
0.004240421 -1 -1 0 -2 0 -0.7772 -1
0.179051 1 -1 0.75 0 0 0.296 1
0.07103881 0 -1 0.75 1 0 0.7993 0
0.2007075 1 -1 0.5 0 1 0.5233 0
0.02261238 -1 -1 0 -3 -1 -0.7717 -1
0.9228215 0 -1 0.25 0 1 0.5637 0
0.9532657 1 0 0.25 -1 1 0.1889 0
0.8940766 0 0 0.75 1 0 0.2656 1
0.7576692 0 0 0.5 1 1 0 1
0.03880159 -1 -1 0 0 -1 -0.6256 -1
0.1177649 1 1 0.75 -1 1 0.1779 1
0.5 0 -1 0.5 0 0 0 0
0.8100023 1 0 1 0 1 0.4754 0
0.5 0 0 0.5 0 0 0 -1
0.09788906 -1 0 0 -2 -1 -0.6369 -1
0.1195547 -1 -1 0.25 -2 0 0 -1
0.1936502 1 -1 0.5 0 0 -0.3632 -1
0.1151781 0 -1 1 -1 -1 -0.34 1
0.02430918 -1 -1 0.75 -1 -1 -0.765 -1
0.9956386 1 -1 0.25 0 1 -0.6481 -1
0.998926 1 1 0.75 1 1 0.7925 1
0.1013783 -1 -1 0 -1 -1 -0.2422 -1
0.5 1 0 0.75 1 1 0.3612 0
0.003776178 -1 -1 0.25 -3 -1 -0.8824 -1
0.01389417 -1 -1 0.25 0 -1 -0.7964 -1
0.02678501 -1 -1 0.5 -2 0 -0.5423 -1
0.5 0 -1 0.5 0 1 0 0
0.8600054 1 -1 0.5 0 1 0.0772 -1
0.9415642 1 0 0.75 0 1 0.296 1
0.8172754 1 -1 0.25 -2 -1 0.3612 -1
0.004995068 0 -1 0.25 -1 -1 0 -1
0.04632871 -1 -1 0.25 -1 -1 -0.3612 -1
0.9321552 0 0 0.5 -1 1 0 -1
0.04339896 0 -1 0.5 -1 -1 0.7243 0
0.1284421 -1 -1 0.25 -3 -1 -0.397 -1
0.9956184 -1 -1 0.25 -1 -1 -0.9267 0
0.1027434 -1 -1 0.25 -2 -1 -0.6476 -1
0.948639 1 1 0.75 1 1 0.4215 1
0.2541664 0 -1 0.25 -1 1 0.3182 -1
0.05551876 1 0 0.5 0 0 0.0343 1
0.9295323 0 1 0.5 -1 1 0.34 -1
0.9815685 1 1 0.75 1 1 0.3612 1
0.7524674 0 -1 0.75 -1 -1 -0.6597 0
0.8913596 1 -1 0.5 -1 1 0 0
0.02357282 -1 0 0 -2 -1 -0.8658 -1
0.2900893 -1 -1 0.75 1 1 0 0
0.7081926 -1 1 0.25 0 1 -0.3412 -1
0.1690885 0 0 0.5 1 0 -0.2003 -1
0.8816513 1 -1 0.75 0 1 0.7184 1
0.006368784 -1 0 0.25 -3 -1 -0.5848 -1
0.05312372 -1 -1 0.25 -3 0 -0.2263 -1
0.1546952 0 0 0.5 1 0 0 -1
0.1092687 -1 -1 0 -2 -1 -0.5106 -1
0.5 0 0 0.5 1 0 0 0
0.5 1 1 0.75 -2 1 0.296 0
0.5 -1 1 0 -3 -1 -0.6312 -1
0.7543168 -1 0 0.75 1 -1 0.4588 1
0.04517729 1 -1 0.25 0 -1 -0.504 0
0.5 0 1 1 0 1 0 0
0.272918 -1 -1 0.75 -2 -1 0 -1
0.185915 -1 0 0.5 -1 -1 0 0
0.215539 0 -1 0.5 0 0 0 -1
0.5 0 -1 0.5 0 0 0 -1
0.9082033 1 1 0.75 -1 0 0.4019 0
0.1573353 0 -1 0.25 0 1 0.0432 0
0.5 0 0 0.25 -1 1 0 -1
0.5 0 1 0.5 1 0 0 0
0.5 0 0 0.5 0 0 0 0
0.8841524 0 -1 0.5 0 1 0.1531 -1
0.06035193 -1 0 0.75 0 1 0.25 1
0.2092727 -1 -1 0.25 -1 -1 -0.3612 0
0.8517406 1 1 0.75 2 0 0.4404 1
0.5 0 0 0.5 0 0 0 0
0.2802306 -1 -1 0.75 -1 -1 0.3089 0
0.5 0 0 0.5 0 0 0 0
0.5 0 0 0.5 1 0 0 1
0.8227882 0 0 0 0 1 -0.2732 -1
0.9081067 1 1 0.25 0 1 0.8188 1
0.9235542 -1 1 0.75 1 1 0.4404 1
0.5 0 0 0.5 0 0 0 0
0.5 0 0 0.25 0 0 0 -1
0.00103609 -1 -1 0.25 -1 -1 -0.818 -1
0.2199659 0 1 0.75 -1 -1 0.1263 0
0.1407758 1 -1 0.75 0 1 0.5492 0
0.1640303 -1 0 0.75 -1 -1 0.2584 -1
0.9645772 1 0 0.5 1 1 0.636 1
0.003929568 -1 -1 0.75 -3 -1 0.6708 -1
0.5 1 0 1 2 1 0.6696 1
0.241786 0 -1 0.5 0 0 0.5972 -1
0.8641484 1 1 0.75 0 1 0.0772 1
0.02280473 -1 -1 0.25 -1 -1 0.9464 -1
0.9863223 1 -1 1 2 1 0.6249 1
0.5 1 0 0.5 0 -1 0 0
0.08948912 -1 -1 0.75 1 1 0.4939 1
0.1981651 -1 -1 0.25 -2 -1 -0.4215 -1
0.7576692 0 0 0.5 1 0 0.6607 1
0.5 0 0 0.5 0 0 0 0
0.01287065 1 -1 0.75 2 1 0.6289 -1
0.01030717 0 -1 0.5 -2 -1 0.5362 0
0.5 0 -1 0.5 0 1 0 -1
0.9502145 -1 0 0.75 -1 -1 -0.4709 -1
0.5 0 1 0.5 0 0 0 0
0.916431 1 -1 0.5 0 1 0.296 -1
0.08945302 -1 -1 0.25 -1 -1 -0.1027 -1
0.1723815 0 0 0 -2 -1 -0.6973 1
0.8314423 0 -1 0.75 -1 0 0.1027 -1
0.2244963 1 -1 0.75 -2 1 0.5574 -1
0.8219884 0 0 0.75 -1 1 0 -1
0.0001462659 -1 -1 0.25 -3 -1 -0.847 -1
0.09580736 0 -1 0.75 0 0 -0.296 -1
0.8766573 1 0 0.75 2 1 0.5267 1
0.1027019 -1 -1 0.75 -3 0 0.3447 -1
0.1404938 -1 -1 0.5 -1 1 -0.5413 -1
0.1708651 0 0 0.5 -1 -1 -0.3182 0
0.5 0 0 0.5 0 1 0 0
0.9426738 1 1 0.75 0 1 0.8519 0
0.5 -1 0 0.5 -1 -1 0 0
0.7085416 0 1 0.75 0 -1 0 -1
0.5 0 0 0.5 0 0 0 0
0.5 0 -1 0.75 0 1 0.6239 0
0.9016268 0 1 0.5 1 0 -0.1007 -1
0.9737403 1 1 1 3 1 0.6892 1
0.02658262 1 -1 0.75 -2 1 -0.8912 -1
0.0005868228 -1 -1 0.25 -1 -1 -0.836 -1
0.6881881 -1 -1 0.25 -1 -1 -0.4588 -1
0.5 0 0 0.5 0 0 0 0
0.0007203496 -1 -1 0.25 -3 -1 -0.9501 -1
0.5 -1 -1 0.5 1 1 0.4404 -1
0.5 1 0 0.75 -1 1 0 0
0.01640718 -1 -1 0.25 -2 0 -0.4939 -1
0.0006916183 -1 -1 0.25 0 -1 -0.8606 0
0.1198508 0 -1 0.25 0 1 0.2023 1
0.5 -1 -1 0 -2 -1 -0.3182 -1
0.9064147 1 1 0.25 3 1 0.6115 1
0.5 0 0 0.5 1 0 0 0
0.5 1 -1 0.5 1 1 0.3612 -1
0.9869032 1 -1 0.75 1 1 0.9246 -1
0.2091828 0 -1 1 -1 1 0.128 0
0.1507123 -1 0 0.25 -2 -1 -0.5106 -1
0.00170859 -1 -1 0.5 -2 0 -0.8746 -1
0.5 -1 -1 0.25 -2 -1 -0.5106 -1
0.9431971 0 0 0.5 -1 1 0.2481 1
0.5 0 0 0.5 0 0 0 -1
0.5 0 0 0.5 0 0 0 -1
0.0001253292 -1 0 0 -2 -1 -0.8442 -1
0.9996988 1 -1 0.75 2 1 0.9657 0
0.06779787 0 -1 0.25 0 0 -0.6191 -1
0.003715153 -1 -1 0 -3 -1 -0.8885 -1
0.09511929 -1 -1 0.25 -2 0 -0.5994 -1
0.7778316 1 -1 0.75 1 1 0.25 1
0.681851 0 -1 0.25 -1 -1 0.296 -1
0.008419359 -1 -1 0 -3 -1 -0.7351 0
0.03616593 0 -1 0.5 1 1 0.7112 -1
0.1587742 0 -1 0.75 0 1 0.128 -1
0.04017824 1 -1 0.75 1 -1 0.9716 -1
0.5 1 0 0.5 1 1 0.3612 0
0.8549419 0 -1 0.25 0 1 -0.5423 -1
0.7667081 0 -1 0.25 -2 -1 -0.6812 -1
0.01403481 -1 -1 0.75 0 -1 0.4575 -1
0.0007704395 -1 -1 0.25 -3 -1 -0.9781 -1
0.01040763 -1 -1 0 -3 -1 -0.9274 -1
0.947564 1 -1 1 1 1 0.6369 -1
0.752493 0 -1 0.75 1 0 0 0
0.9592932 1 1 1 2 1 0.895 1
0.8085438 0 -1 0.75 0 1 0.743 -1
0.0460708 -1 -1 0.25 2 0 0.6218 -1
0.7862541 -1 -1 0.25 -1 0 0.0258 0
0.209602 0 -1 0 -1 -1 0.5622 -1
0.01649273 0 -1 0.75 0 1 -0.2315 -1
0.9124601 0 1 0 4 -1 0.659 1
0.5 0 1 0.5 0 0 0 0
0.2047991 0 -1 0.5 0 0 0 0
0.5 0 0 0.5 1 0 0 0
0.02228672 1 -1 0.25 -1 -1 -0.7793 -1
0.9495391 1 -1 0.25 -1 1 0.3818 1
0.9931195 1 -1 0.25 0 1 0.8682 -1
0.9957044 1 1 0.75 2 1 0.8516 1
0.07121678 0 -1 0.25 -2 -1 -0.3182 -1
0.9026655 -1 -1 0.5 1 1 0 1
0.1534187 -1 -1 0.25 -1 -1 -0.1027 -1
0.1049269 -1 -1 0.25 -1 -1 -0.6428 -1
0.9983734 1 -1 0.25 -1 1 0.9488 0
0.0195035 0 0 0.5 1 0 0 0
0.1215991 1 -1 0.5 -2 0 0.193 -1
0.04222686 -1 -1 0.5 -4 -1 -0.5849 -1
0.0332131 -1 0 0 -2 -1 -0.5423 -1
0.5 0 -1 0.75 -2 -1 0 -1
0.7869773 0 -1 0.25 -1 0 0.4215 -1
0.897661 1 0 0.25 0 1 0 1
0.9492288 0 0 0.75 2 1 0.4926 1
0.5 1 0 1 1 1 0.7506 1
0.5 0 0 0.5 0 0 0 0
0.9982837 1 -1 0.75 3 1 0.8955 1
0.7818579 0 -1 0.5 0 0 0.743 1
0.08079145 0 -1 0.75 -1 0 -0.2732 -1
0.9700442 1 -1 0.25 -1 1 -0.9144 -1
0.5 0 -1 0.5 0 -1 -0.128 -1
0.5 0 0 0.5 0 0 -0.1779 -1
0.8177253 1 -1 1 3 1 0.8736 1
0.8456594 0 -1 0.5 0 0 0.7506 -1
0.9742811 1 0 0.75 1 1 0.9196 -1
0.06540857 0 -1 0.5 -2 -1 -0.2208 1
0.1572446 -1 -1 0.25 -1 -1 -0.5859 -1
0.5 0 0 0.5 0 -1 0 0
0.5 0 0 0.25 0 0 0 0
0.5 0 0 0.5 -1 0 0 -1
0.5 0 -1 0.75 0 1 0 -1
0.9009867 -1 1 0.75 1 1 0.5927 0
0.9410929 1 1 0.75 2 1 0.6996 1
0.2117134 -1 -1 0.25 0 -1 -0.5719 -1
0.0560544 1 -1 0.25 1 0 0.0772 -1
0.001476704 -1 -1 0.25 -1 -1 -0.7096 -1
0.9988524 1 1 0.75 2 1 0.971 1
0.08049857 -1 -1 0.25 -2 -1 -0.7056 -1
0.5 0 -1 0.5 0 0 0 -1
0.2343942 -1 0 0 -2 -1 -0.5423 -1
0.0001242004 -1 -1 0.25 -3 -1 -0.9299 -1
0.5 0 0 0.5 2 0 0.5893 1
0.02771972 1 -1 0.5 -1 0 -0.4767 -1
0.896831 1 0 0.25 0 -1 0 -1
0.5 0 0 0.5 0 0 0 0
0.5 0 -1 0.5 0 1 0 -1
0.5 0 0 0.5 0 0 0 0
0.1615509 -1 0 0.25 -1 -1 -0.2732 -1
0.9704269 0 -1 0.5 1 0 0.9049 0
0.9755355 1 0 0.75 1 1 0.555 1
0.8856932 1 -1 0.25 -2 1 0.5574 0
0.009792931 -1 -1 0 -2 -1 -0.8271 -1
0.5 0 -1 0.5 0 1 0 0
0.1854226 -1 -1 0 0 0 -0.5511 -1
0.959647 0 -1 0.5 0 0 0.5423 -1
0.1585383 0 -1 0.75 -1 0 -0.2732 0
0.08540127 0 -1 0.25 0 -1 -0.296 -1
0.167294 0 0 0.25 0 0 0 -1
0.03797491 -1 -1 0.25 -1 -1 -0.6801 -1
0.1935908 0 -1 0.75 -1 0 0.1298 1
0.5 0 0 0.5 0 0 0 -1
0.02683864 -1 -1 0.25 -1 -1 -0.5829 -1
0.3008776 0 0 0.5 0 0 0 -1
0.004575242 -1 -1 0.25 -3 -1 -0.6705 -1
0.065798 0 -1 0.5 2 1 0.3612 -1
0.9736784 1 1 0.75 1 1 0.4588 1
0.5 0 -1 0.5 0 1 0 -1
0.008428681 -1 1 0 -3 -1 -0.5859 -1
0.9390053 -1 1 0 -1 -1 0.0258 1
0.9584851 1 1 0.75 1 1 0.6369 1
0.8970043 -1 -1 0.25 0 1 0.6452 -1
0.8721036 0 -1 0.5 -2 1 0.7236 -1
0.5 0 0 0.5 0 1 0 0
0.01106474 -1 -1 0 -1 -1 -0.296 -1
0.5 0 0 0.5 1 0 0 0
0.2295541 -1 -1 0.25 -3 -1 -0.8225 -1
0.9580945 0 0 0.5 0 0 0 0
0.5 1 -1 0.5 0 1 0 0
0.5 0 0 0.5 0 0 0 -1
0.5 0 0 0.75 0 0 0 -1
0.2041766 0 1 0.5 1 0 0 0
0.5 0 0 0.5 0 0 0 0
0.87679 0 -1 0.5 0 0 0.296 0
0.1102094 0 -1 0.75 -3 -1 -0.3612 -1
0.930644 1 -1 1 2 1 0.6249 1
0.5 0 0 0.5 0 0 0 -1
0.5 1 0 0.5 1 1 0.3612 0
0.9383781 1 1 0.75 2 1 0.5859 1
0.5 1 -1 0.75 0 1 0.2732 -1
0.970097 1 -1 1 3 1 0.9345 1
0.1736209 1 -1 0.75 0 -1 0.9001 0
0.9769725 0 1 0.5 1 0 0.636 0
0.05115132 -1 -1 0.75 -2 -1 -0.796 -1
0.7169813 1 0 1 2 1 0.6369 1
0.9637381 0 -1 0.75 -1 -1 0 1
0.5 0 0 0.5 0 1 0 0
0.5 0 0 0.5 0 0 0 0
0.1691234 -1 -1 0.5 0 1 -0.6467 -1
0.1658474 -1 -1 0.5 0 0 -0.1027 -1
0.2436755 -1 -1 0.75 -2 -1 0.8308 -1
0.008955044 0 -1 0.5 1 1 0.7845 -1
0.01778906 -1 -1 0.25 -1 -1 -0.5106 -1
0.001846134 0 -1 0.75 0 -1 -0.4767 -1
0.9431255 0 0 0.75 0 1 0.5267 1
0.9609429 1 -1 0.75 0 1 0.891 -1
0.04478298 -1 0 0.25 -1 -1 -0.7686 -1
0.2263928 1 -1 0.75 -1 1 -0.2755 -1
0.9861489 1 -1 0.75 1 1 0.6369 -1
0.04788331 1 -1 0.5 1 -1 -0.5931 -1
0.03326927 -1 -1 0 -3 -1 -0.8525 -1
0.9981803 1 -1 1 1 1 0.8939 1
0.5 0 -1 0.5 0 1 0 1
0.9697306 1 0 0.75 1 1 0.4588 0
0.9393964 1 -1 0.75 0 1 0.3612 0
0.1745172 -1 -1 0.25 -1 1 0.5106 -1
0.5 0 0 0.5 0 1 0 0
0.9694491 1 1 0.75 2 1 0.8519 1
0.1649818 -1 -1 0.25 -1 -1 -0.5423 -1
0.07695048 1 -1 0 -2 -1 -0.8559 -1
0.790578 1 -1 0.75 1 1 0.6486 -1
0.5 0 0 0.5 1 0 0 1
0.0022662 -1 -1 0.25 -1 -1 -0.9305 -1
0.1146269 0 -1 0.25 -1 -1 -0.5677 -1
0.9964572 1 0 0.75 1 1 0.7003 1
0.0004697296 -1 -1 0.25 -1 -1 -0.908 -1
0.921222 0 -1 0.5 1 1 0.4003 -1
0.110116 0 1 1 0 0 0.34 -1
0.9856088 1 -1 0.75 1 1 0.8984 -1
0.02104202 -1 -1 0.75 -2 -1 -0.7096 0
0.5 0 0 0.5 -1 1 0 -1
0.08588474 -1 0 0.25 -1 -1 -0.8201 -1
0.5 0 1 0.25 1 1 -0.4559 1
0.1744432 0 -1 0.25 1 -1 -0.5307 0
0.0997109 -1 -1 0.25 -1 -1 -0.34 -1
0.1770275 -1 -1 0 -1 0 0.128 -1
0.02618481 -1 -1 0.75 -1 -1 -0.4215 -1
0.0551421 0 -1 0.75 0 -1 -0.5267 1
0.5 0 1 0.5 2 0 0 -1
0.5 0 -1 0.5 0 0 0 0
0.06310608 -1 -1 0.5 1 -1 -0.2003 1
0.05823405 -1 -1 1 0 -1 -0.4019 1
0.2417411 0 -1 0.75 -1 0 0.8288 0
0.0003190351 -1 -1 0.25 -3 -1 -0.9002 -1
0.5 0 0 0.25 -1 -1 0 0
0.01101286 -1 -1 0.25 -1 -1 -0.6369 -1
0.5 0 -1 0.25 -2 -1 0 -1
0.8400477 0 0 0.5 0 1 0.2263 0
0.5 -1 -1 0.5 -1 -1 0 0
0.7859391 0 0 0.5 2 0 0 -1
0.5 0 0 0.5 -1 -1 0 -1
0.2126905 1 -1 1 -1 1 0.5927 0
0.2507243 0 0 0.5 0 0 -0.296 -1
0.143025 -1 -1 0.75 0 1 0 0
0.5 1 -1 0.5 0 0 0 -1
0.5 0 0 0.5 1 0 0 -1
0.5 0 -1 0.5 0 0 0 0
0.1469832 -1 -1 0.25 -1 -1 -0.8505 -1
0.5 0 0 0.5 1 0 0 0
0.9999495 1 -1 0.5 -1 1 0.9582 -1
0.5 -1 0 0.25 -2 -1 0 -1
0.02437315 -1 -1 0.25 0 -1 -0.5537 -1
0.1155099 -1 -1 0.25 -2 -1 -0.3597 -1
0.5 0 -1 0 0 0 0 -1
0.5 -1 -1 0.25 0 -1 0 -1
0.003358397 0 -1 0.75 1 0 0.7894 -1
0.1838332 -1 -1 0.25 -1 -1 -0.296 -1
0.1353002 -1 -1 1 -1 -1 0.507 -1
0.0001136245 -1 -1 0.25 -2 -1 -0.9683 -1
0.03066166 0 -1 0 -2 -1 -0.8271 -1
0.05044341 -1 -1 0 0 0 -0.9455 -1
0.5 0 0 0.5 0 -1 -0.3612 0
0.9865604 -1 -1 0.75 0 1 0.9168 -1
0.5 0 0 0.5 0 0 0 1
0.9722572 0 1 0.75 1 0 0.4588 1
0.5 -1 -1 0.5 -1 0 0 0
0.5 0 -1 0.5 3 0 0 1
0.5 0 -1 0.5 1 0 0 1
0.5 0 0 0.75 1 0 0.6124 -1
2.976282e-05 -1 -1 0.25 -1 -1 -0.9899 -1
0.5 1 0 0.25 0 1 0.0258 -1
0.9228382 0 -1 0.25 -1 1 0.928 0
0.8847788 1 0 0.75 0 1 0 -1
0.7967092 1 0 0.75 3 0 0.8176 -1
0.08331995 0 -1 0.5 -1 -1 -0.4528 -1
0.5 0 0 0.5 0 0 0 -1
0.9516623 1 0 1 2 1 0.8074 1
0.5 0 1 0.5 0 1 0 -1
0.5 1 0 1 4 1 0.636 1
0.2412091 -1 -1 0.25 -2 0 -0.4019 0
0.90058 0 -1 0.75 1 1 0.5242 1
0.7519071 -1 1 0.75 1 1 0.4404 0
0.2366944 0 -1 0.25 1 0 0.0534 -1
0.5 0 0 0.5 0 0 0.2732 0
0.7765128 1 -1 0.25 -1 0 -0.2406 -1
0.9219753 1 1 0.75 0 1 0.34 -1
0.001403803 -1 -1 0.25 -1 1 -0.6956 -1
0.5 0 0 0.5 0 0 0 1
0.9929849 1 -1 1 3 1 0.7959 1
0.07585257 -1 -1 0 1 -1 -0.5983 -1
0.8255895 0 -1 0.25 -1 0 0.0516 0
0.986507 1 1 1 2 1 0.6478 1
0.08083527 0 -1 0.5 0 0 0 -1
0.5 1 -1 0.75 0 -1 0.5719 -1
0.5 0 1 0.5 0 0 0 0
0.0045665 0 -1 0.25 -3 -1 -0.8924 -1
0.8036753 0 -1 0.75 0 1 0 1
0.5 0 0 0.5 1 0 0 0
0.5 0 0 0.5 0 0 0 0
0.2765125 -1 -1 0.25 -3 -1 -0.4404 0
0.09441106 -1 -1 0 -1 1 -0.1546 -1
0.5 0 -1 0.5 0 0 0 0
0.6996656 0 0 0.5 0 0 0 0
0.06010515 1 -1 0.25 -2 1 -0.0516 -1
0.5 0 -1 0.5 0 0 0 -1
0.99915 1 -1 0.75 0 1 0.9186 0
0.124027 0 -1 0 -2 -1 -0.7964 -1
0.9549764 1 0 1 -1 1 0.937 -1
0.2791723 1 -1 0.5 0 1 0.3612 -1
0.05431193 1 -1 0 2 -1 0.7014 -1
0.7746226 -1 -1 0 -1 -1 0.4588 0
0.5 1 1 0.5 0 1 0 1
0.8274017 0 -1 0.75 -2 0 0.2225 -1
0.05058485 -1 -1 0 -3 -1 -0.8834 0
0.2095173 -1 0 0.25 0 -1 -0.4588 -1
0.5 0 0 0.5 0 0 0 0
0.5 1 0 0.75 0 1 0.5859 1
9.880788e-05 -1 -1 0.25 -2 -1 -0.9726 -1
0.5 0 0 0.5 0 0 0 1
0.1105692 0 -1 0.25 -1 -1 -0.5574 -1
0.7563966 1 0 0.25 1 1 0.7351 -1
0.2673626 0 -1 0.25 -1 0 0 -1
0.001817108 -1 0 0 -1 -1 -0.765 -1
0.9632996 1 0 0.75 0 1 0.7058 0
0.01152751 -1 -1 0.75 -2 -1 -0.7299 0
0.5 0 0 0.5 0 -1 0 0
0.2829836 0 -1 0.5 0 0 0 0
0.5 0 0 0.5 0 0 0 0
0.7890466 -1 -1 0.25 0 -1 -0.2406 0
0.9527019 0 -1 0.25 0 1 0.7582 0
0.9634593 1 1 0.75 2 1 0.6249 1
0.9685956 1 1 0.75 0 1 0.4404 1
0.01587708 -1 -1 0.75 -2 -1 -0.7627 -1
0.292311 0 1 0.5 0 0 0.296 0
0.9921676 0 -1 0.5 0 1 -0.6114 -1
0.5 0 -1 0.5 0 -1 0 0
0.7276739 -1 1 0.5 1 1 0 -1
0.04554729 -1 -1 0.25 -1 -1 -0.3612 -1
0.2237877 -1 -1 0.5 -2 -1 -0.0969 -1
0.9420929 1 -1 0.75 2 1 0.93 -1
0.1081077 -1 -1 0.25 0 1 -0.2617 0
0.5 0 1 0.5 0 1 0.3612 1
0.7903778 -1 -1 0.75 0 -1 0.0343 0
0.01715544 1 -1 0.25 0 0 -0.8151 -1
0.004728001 -1 -1 0.75 -4 -1 -0.4846 -1
0.000687956 -1 -1 0 -3 -1 -0.96 -1
0.5 0 0 0.5 1 0 0 0
0.8773115 1 -1 0.75 1 0 0 -1
0.2594089 -1 -1 0.75 0 -1 -0.128 -1
0.9924303 1 -1 0.25 0 1 0.6124 1
0.5 1 -1 0.5 0 1 0.2732 0
0.1830162 -1 -1 0.25 0 0 0.1531 -1
0.1144623 -1 1 0.5 1 -1 -0.0258 0
0.932768 1 -1 0.75 2 1 0.8201 0
0.135402 0 -1 0.75 0 -1 -0.3612 -1
0.005960167 0 0 0.25 -1 0 -0.8447 -1
0.5 1 0 0.75 1 1 0.3612 1
0.7653289 -1 0 0.25 0 -1 -0.6124 -1
0.9540779 1 0 0.75 2 1 0.8934 1
0.9962904 1 1 0.75 2 1 0.9136 1
0.9081471 1 1 0.75 0 1 0.7717 1
0.03797017 0 -1 0.25 -2 -1 0.5927 -1
0.5 0 0 0.5 0 0 0 0
0.5 1 0 0.75 -1 1 0.3612 0
0.7554615 1 -1 0.25 0 1 -0.4065 -1
0.5 1 0 0.25 2 1 0.2023 -1
0.02180451 -1 -1 0 -2 -1 -0.7003 -1
0.2829908 1 0 0.5 1 1 -0.2755 0
0.7168395 1 -1 1 0 1 0.4754 0
0.2203792 1 -1 0.25 1 0 -0.5707 -1
0.9309109 1 1 1 2 1 0.7067 0
0.05923655 0 -1 0.5 0 -1 0.0382 -1
0.5 0 1 0.5 0 -1 0 -1
0.8523559 1 -1 0.75 0 1 0.4404 1
0.5 0 0 0.5 0 0 0 0
0.5 1 0 0.75 1 1 0.3612 1
0.0003238719 0 -1 0.5 -2 0 -0.88 0
0.9734225 1 -1 0.75 1 1 0.7351 0
0.009739062 0 -1 0.5 -1 -1 -0.8126 -1
0.02210133 0 -1 0 -1 0 -0.5423 -1
0.03990849 -1 -1 0.5 1 -1 -0.8436 -1
0.9760921 1 -1 0.75 1 1 0.5423 1
0.8946554 0 -1 0.25 0 1 0.34 -1
0.1005153 -1 -1 0 -3 -1 -0.6808 -1
0.8760905 1 -1 0 0 -1 0 -1
0.5 -1 -1 0 -2 -1 -0.6808 -1
0.8098466 0 -1 0.5 0 0 0.296 0
0.009135509 -1 -1 0.25 -3 -1 -0.9731 -1
0.8740948 -1 -1 0.25 -1 1 0.4678 -1
0.2317767 1 -1 0.75 -2 0 -0.296 -1
0.2001504 -1 -1 0.25 -2 -1 -0.4003 -1
0.5 0 0 0.5 1 0 0 -1
0.07700936 0 1 0.5 0 -1 -0.6908 -1
0.155013 0 -1 0.75 1 1 0.4574 1
0.1518205 1 -1 0.25 0 1 -0.6249 -1
0.5 0 -1 0.5 0 0 0 -1
0.1754115 1 -1 0.75 2 1 0.7184 0
0.8361166 0 0 0.5 -1 1 -0.0258 -1
0.7674103 0 -1 1 0 1 0.3612 0
0.135345 -1 -1 0.25 -1 -1 0.919 -1
9.278417e-05 -1 -1 0.25 -1 -1 -0.866 -1
0.8609135 0 -1 0.75 0 0 0.3182 -1
0.9372604 0 1 0.75 0 0 0.4019 1
0.07868894 0 -1 1 1 1 0.3818 -1
0.2253758 0 -1 0.25 0 -1 -0.3182 -1
0.9077556 -1 -1 0.5 -2 -1 0.4497 -1
0.9481016 1 -1 0.5 2 1 0.68 1
0.5 -1 -1 0 -2 -1 -0.3818 -1
0.5 0 0 0.5 1 0 0 1
0.9999227 1 -1 0.75 1 1 0.9578 0
0.1312734 -1 -1 0.5 -1 -1 -0.2406 -1
0.5 0 -1 0.5 0 0 -0.1027 -1
0.8333175 1 0 0.5 0 1 0.8355 0
0.5 0 -1 0.5 0 1 0 0
0.5 0 -1 0.5 2 1 0 1
0.9544934 0 -1 0.25 1 -1 -0.4344 1
