0.7078341 1 -1 0.5 -1 1 -0.8117 -1
0.2586762 0 -1 0.5 1 1 0.4215 -1
0.982791 -1 -1 0.25 -1 -1 -0.926 -1
0.2146959 -1 -1 0.75 0 0 0.7668 -1
0.4140943 -1 -1 0 -2 -1 -0.4767 -1
0.7284133 0 0 0.5 0 0 0 0
0.4720626 0 -1 0.5 0 0 0 0
0.3847252 0 1 0.25 -1 -1 -0.25 -1
0.9938539 1 -1 0.75 0 1 0.9006 0
0.3691107 1 -1 0.25 -2 1 -0.3716 -1
0.9928496 -1 -1 0 0 -1 -0.5007 -1
0.8443403 0 -1 0.5 1 1 0.6124 0
0.3601558 0 -1 0.75 1 0 0.024 -1
0.6014034 0 -1 0.75 0 1 0.6189 -1
0.6349705 0 1 0.5 -2 0 -0.4404 -1
0.1959923 -1 -1 0.75 -3 -1 -0.5171 0
0.08031632 -1 -1 0.25 -3 -1 -0.9877 -1
0.3631739 0 -1 0.75 -1 0 0.2263 -1
0.6716094 1 -1 0.75 -1 1 0.8199 -1
0.3186566 -1 -1 0.5 0 -1 -0.8578 -1
0.1292193 -1 -1 0.75 -2 1 0.4497 -1
0.9083575 1 1 0.75 -1 0 0.2398 -1
0.9906774 0 0 0.5 1 1 0 1
0.9281548 -1 -1 0.25 0 -1 -0.3343 -1
0.1618484 -1 -1 1 -3 -1 -0.3855 -1
0.7293293 0 -1 0.75 0 1 0.5106 -1
0.4948637 -1 -1 0.25 0 -1 -0.2732 0
0.8799018 0 -1 0.5 -2 0 -0.9287 -1
0.7229429 -1 0 0.75 0 0 0.0258 0
0.9768854 -1 -1 0 -2 -1 -0.9371 -1
0.1505647 0 -1 0.5 -2 1 0.128 -1
0.8318198 -1 0 0.5 -3 -1 -0.3167 -1
0.02549717 -1 -1 0.75 -1 -1 -0.25 0
0.6233563 1 -1 0.75 1 1 0.4767 0
0.9407551 1 -1 0.75 2 1 0.915 0
0.4753504 0 -1 0.5 0 -1 0.3244 -1
0.225402 0 0 0.5 -1 -1 -0.6259 0
0.3769689 -1 -1 0.5 -2 -1 -0.5542 -1
0.1637696 0 -1 0.25 -3 -1 -0.9618 -1
0.5179604 0 -1 0.5 1 -1 0.4215 1
0.9866701 1 1 0.5 -2 1 0.9081 -1
0.4267629 -1 -1 0.75 -2 0 0.6617 -1
0.9979491 -1 -1 0.75 -1 -1 0.5096 -1
0.03075996 -1 -1 0.75 1 0 -0.3939 -1
0.4925724 0 -1 0.5 0 0 0 -1
0.7240928 0 -1 0.5 1 1 0.7003 -1
0.7290363 0 -1 0.25 -2 -1 -0.4767 -1
0.9643046 1 -1 0.75 0 0 0.81 -1
0.7556285 0 -1 0.75 -1 0 -0.6021 -1
0.8092065 0 0 0.5 0 1 0 0
0.8015308 0 1 0.5 0 0 0 1
0.04385152 -1 -1 0.25 -2 -1 -0.8881 -1
0.9276961 1 0 0.75 1 1 0.5499 0
0.1098183 -1 -1 0.25 -1 0 -0.6908 0
0.2649493 0 -1 0.75 -1 0 -0.2924 -1
0.4845516 -1 -1 0.75 -1 -1 0.2544 -1
0.03907464 -1 -1 0.5 -2 -1 -0.6737 -1
0.6080169 -1 0 0.25 0 0 0.296 -1
0.6384488 -1 -1 0.75 0 1 0.4404 -1
0.9982691 1 -1 0.75 0 1 0.7795 -1
0.02889049 -1 -1 0.75 -3 -1 -0.8108 -1
0.4916409 0 0 0.5 0 1 0 -1
0.07951636 -1 -1 0.25 0 -1 -0.3612 -1
0.349387 1 0 0 2 1 0.5255 -1
0.4390962 1 -1 0.25 1 1 0.6571 -1
0.9632437 0 0 0.5 1 1 0 -1
0.4314644 -1 -1 0.75 -1 -1 0.0772 -1
0.8861509 1 0 0.75 0 1 0.4404 0
0.9990992 1 0 0.75 1 1 0.8126 -1
0.5419818 1 -1 0.75 0 1 0.1002 0
0.9968143 -1 -1 0.25 -1 -1 -0.7443 -1
0.3535354 0 -1 0.25 -1 1 -0.6124 -1
0.439847 -1 -1 0.5 0 -1 -0.0076 -1
0.8310874 -1 -1 0.5 -2 -1 0.0572 -1
0.3683054 -1 -1 0.25 -2 -1 -0.9081 -1
0.8978112 0 -1 0.5 -2 -1 0.168 0
0.8189716 -1 -1 0.75 1 -1 0.795 -1
0.9268394 1 -1 0.5 -1 1 -0.0772 -1
0.6080778 1 1 0.75 0 1 0.8333 1
0.6078232 1 0 0.5 2 1 0.246 1
0.7753511 0 1 0.75 0 0 0 1
0.8860951 1 -1 0.5 1 1 0.2942 1
0.483716 -1 -1 0.5 -1 0 0.2263 -1
0.7241873 0 1 0.5 0 0 0 0
0.9080541 1 0 0.75 0 1 0.7089 -1
0.9910924 -1 -1 0.25 -2 -1 -0.9028 -1
0.705495 1 -1 0.75 0 1 0.0258 -1
0.9660462 0 -1 0.25 -1 1 -0.9154 -1
0.3929891 0 -1 0.25 -1 1 -0.9164 -1
0.09107722 -1 -1 0.5 -1 -1 -0.4137 -1
0.8627849 1 -1 0.75 -1 1 0.5106 -1
0.4782509 0 -1 0.5 0 0 0 -1
0.6405481 0 -1 0.5 -2 -1 -0.7622 -1
0.682272 0 -1 0.5 0 -1 0 -1
0.4229673 -1 -1 0.5 -1 -1 -0.3818 -1
0.5092524 0 -1 0.5 -1 -1 0.7681 -1
0.4457529 -1 -1 0.25 -1 -1 -0.5411 -1
0.9999999 1 -1 0.75 0 1 -0.3148 -1
0.229866 -1 -1 0.25 -2 -1 -0.128 -1
0.9708486 -1 -1 0.25 -3 -1 -0.9797 -1
0.9270982 0 -1 0.75 1 1 0 -1
0.1601475 -1 -1 0.25 -2 -1 -0.9111 -1
0.5605177 0 -1 0 -1 0 -0.296 -1
0.5115822 -1 -1 0.25 -2 -1 -0.3182 -1
0.1916543 1 -1 0.25 -2 -1 -0.8093 -1
0.2964466 -1 -1 0.25 -1 -1 -0.34 -1
0.9543924 1 1 0.75 1 1 0.8074 1
NA -1 -1 0.75 -1 1 0.9424 -1
0.7557765 1 0 0.5 0 1 0 1
0.8482665 -1 -1 0.25 -1 -1 -0.875 -1
0.3507123 1 -1 0 -1 1 -0.9338 -1
0.9764524 0 1 0.5 0 0 0 0
0.5538164 -1 -1 0.25 0 -1 -0.2023 -1
0.680357 -1 -1 0.75 -2 -1 -0.6972 0
0.005052138 -1 -1 0.25 -2 -1 -0.9895 -1
0.9155114 1 1 1 2 1 0.8146 0
0.5730924 1 -1 0.75 -3 0 0.4389 0
0.08950433 -1 -1 0.25 -3 -1 -0.9081 -1
0.1439165 -1 -1 0.5 -1 -1 0 -1
0.1561245 0 0 0.25 -2 -1 -0.3182 0
0.5142431 -1 -1 0.75 0 -1 -0.7208 -1
0.20443 0 -1 0.5 0 1 0 0
0.8454112 -1 -1 0.5 3 1 0.8967 -1
0.3465197 -1 -1 0.25 -1 -1 -0.6254 -1
0.4767919 -1 -1 0.5 1 0 -0.5837 -1
0.7880536 0 -1 0.75 1 1 0.3368 -1
0.7795822 1 -1 0.75 -1 1 0.8176 0
0.3936408 0 -1 0.5 0 0 -0.1531 -1
0.8887863 -1 -1 0.25 -2 -1 -0.7476 -1
0.6749701 1 -1 0.75 0 1 0.6361 -1
0.7987503 1 -1 0.75 -1 1 0.7096 -1
0.03210011 -1 -1 0.5 -2 -1 -0.8646 -1
0.6597829 0 -1 0.75 -1 -1 0.4927 -1
0.4767509 0 0 0.25 0 -1 -0.2263 0
0.8313501 -1 -1 0.75 -1 -1 0.4601 -1
0.5050572 -1 -1 0.5 0 -1 0.4592 0
0.9914844 1 -1 0.75 1 1 0.9133 -1
0.9366846 0 -1 0.5 0 0 -0.1825 -1
0.2118082 -1 -1 0.25 0 -1 -0.911 -1
0.001553955 -1 -1 0 -4 -1 -0.8588 -1
0.1089591 -1 -1 0.25 -3 1 -0.9882 -1
0.9462126 1 1 1 2 1 0.714 1
0.5407448 0 -1 0.25 0 1 0.2846 0
0.9999561 1 -1 0.75 -2 1 0.9811 0
0.3613593 0 -1 0.5 0 0 0.1779 0
0.9002036 1 1 1 1 1 0.7264 1
0.9284009 0 -1 0.5 0 1 0 0
0.5779086 -1 -1 0.75 -1 1 0.5661 -1
0.04104285 -1 -1 0.25 -2 1 -0.7337 -1
0.7710835 0 0 0.5 -1 1 -0.4914 0
0.213157 1 -1 1 2 0 0.3056 1
0.2612654 0 -1 0.25 -1 -1 0.0742 1
0.97879 -1 -1 0.25 -2 0 -0.886 -1
0.232236 0 -1 0.75 0 0 0.0644 -1
0.1846859 -1 -1 0.75 -3 -1 0.3798 -1
0.7363199 0 0 0.5 0 0 0 0
0.168521 -1 -1 1 -1 -1 -0.5994 -1
0.4621876 1 0 0.5 2 1 0.5859 1
0.5342718 -1 -1 0.5 1 -1 0.0516 -1
0.3476236 0 -1 0.75 0 0 0 0
0.8375136 -1 -1 0.5 0 -1 0.4871 -1
0.7766924 -1 -1 0.5 1 0 0.2859 1
0.9468088 -1 -1 0.75 -1 1 0 -1
0.4347781 0 -1 0 -1 -1 -0.2755 -1
0.8843853 0 -1 0.25 -1 1 0 1
0.007764142 -1 -1 0.25 -2 -1 -0.9468 -1
0.8007419 -1 -1 0.5 -1 -1 -0.1481 -1
0.9096126 1 -1 0.75 1 0 0.25 1
0.120835 -1 -1 0.25 -1 -1 0.4956 -1
0.883361 -1 -1 0.75 0 -1 0.5411 -1
0.8933392 1 -1 0 -1 1 -0.4215 -1
0.8080323 0 -1 0.5 0 0 -0.1779 -1
0.7880899 -1 -1 0.5 -1 -1 -0.7906 -1
0.6010458 -1 -1 0.25 -1 -1 0.6945 0
0.8877368 0 -1 0.75 -1 1 0.7351 -1
0.136064 -1 -1 0.75 -3 -1 -0.872 -1
0.3605744 0 -1 0.25 0 1 -0.3252 0
0.9109436 -1 1 0.75 1 1 0.875 -1
0.6859667 1 0 1 -1 1 -0.0183 0
0.7668465 0 -1 0.25 -4 -1 0.4215 -1
0.09445755 1 -1 0.25 -2 1 0.6828 -1
0.7051295 -1 -1 0.5 0 -1 0 0
0.8640395 1 1 0.75 1 1 0.9852 1
0.5112085 -1 -1 0.5 0 0 0.0644 -1
0.8949915 1 -1 0.25 0 1 -0.6658 -1
0.6224772 -1 1 0.25 -2 -1 0.3102 -1
0.8883073 0 0 0.5 1 0 0.4215 -1
0.8346598 0 0 0.5 0 0 0 0
0.0324655 0 -1 0.75 2 -1 0.659 0
0.1511814 1 -1 0.5 -1 1 -0.431 -1
0.4519784 0 -1 0.5 -2 -1 -0.7096 1
0.9378849 -1 -1 0.25 -2 -1 -0.8883 -1
0.7465593 0 -1 0.75 -1 0 0.6711 0
0.8515347 1 -1 0.75 0 1 -0.5499 -1
0.6479697 1 -1 0.75 0 1 -0.2732 1
0.7299847 1 -1 0.25 -1 0 -0.9362 -1
0.9981303 1 0 0.5 0 1 0.4831 0
0.9701244 1 -1 0.75 1 1 -0.2942 0
0.6635787 0 -1 0.75 -1 -1 -0.578 0
0.7763144 1 -1 0.25 -1 -1 0 -1
0.9991038 1 0 0.75 0 1 0.5654 -1
0.104401 -1 -1 0.25 -3 -1 -0.6997 -1
0.8952085 -1 -1 0.25 -2 -1 -0.6597 0
0.002271249 -1 -1 0.5 0 -1 -0.9938 -1
0.1970404 1 -1 0.75 -1 1 0.8689 0
0.512135 0 -1 0.5 0 0 0.2023 1
0.6788112 0 -1 0.25 0 -1 0.3612 -1
0.1737795 -1 -1 0.25 -3 -1 -0.8126 0
0.7557215 -1 -1 0.25 -1 -1 -0.8938 0
0.9980955 1 -1 1 1 1 0.8793 0
0.9265627 0 -1 0.25 -1 1 0.6705 -1
0.9832181 -1 -1 0.75 -1 -1 0.1247 -1
0.9279243 0 -1 0.5 -2 1 0.2598 0
0.8504419 1 0 0.75 -1 1 -0.7345 -1
0.9725724 0 0 1 0 0 0.1263 -1
0.8562282 -1 -1 0.5 -1 1 -0.6615 -1
0.704184 0 1 0.5 2 1 0.4576 -1
0.9309721 1 -1 0.75 -1 1 0.8604 0
0.1166291 -1 -1 0.25 -1 0 0.2597 -1
0.2948578 1 -1 0.75 0 0 0.2263 1
0.1205597 -1 -1 0.25 -4 1 -0.894 -1
0.7776694 -1 -1 1 -2 -1 -0.7696 -1
0.9385394 1 0 0.75 2 1 0.7952 -1
0.403666 0 -1 0.75 -1 0 -0.128 0
0.9633599 1 1 0.75 2 1 0.5242 1
0.4905226 0 -1 0.5 -2 0 0.1901 -1
0.9728229 1 -1 0.75 -1 1 0.947 -1
0.4046719 1 -1 0.75 0 1 0.4101 1
0.5719907 -1 -1 0.25 1 1 0.5267 -1
0.5461454 0 -1 0.5 0 0 0 0
0.9967802 -1 -1 0.25 -1 -1 -0.9674 -1
0.2117471 0 -1 0.25 1 0 0.0258 -1
0.9951715 0 -1 0.5 -1 1 -0.383 -1
0.7366145 1 1 1 0 1 0.5574 0
0.9998821 1 -1 0.75 0 -1 0 -1
0.9034214 1 0 0.75 1 1 0.5574 0
0.9994935 -1 -1 0.75 -1 0 -0.4026 -1
0.852404 1 -1 0.75 -1 1 -0.4127 0
0.3295156 1 -1 0.25 0 -1 0.4173 0
0.6742306 0 -1 0.75 0 -1 0 -1
0.2979054 0 -1 0.75 0 1 -0.8791 0
0.4114194 0 -1 0.25 -1 -1 -0.3348 -1
0.1808622 -1 -1 0.25 -2 0 -0.4404 -1
0.3978224 -1 -1 0.25 -1 0 -0.5719 -1
0.09941043 -1 0 0.25 -2 -1 -0.9533 -1
0.7514387 1 -1 0.25 -3 1 0.34 0
0.3932093 -1 0 0.25 1 1 0.3658 -1
0.5879699 -1 -1 0.25 0 -1 -0.703 -1
0.6718357 -1 -1 0.25 -2 -1 -0.7143 -1
0.1355281 -1 -1 0.75 0 1 0.7096 0
0.6922082 0 -1 0.5 -2 1 0.1754 -1
0.9061314 1 1 0.75 2 1 0.7184 1
0.7890217 -1 -1 0.25 -2 -1 -0.9047 -1
0.2606342 -1 -1 0.25 -3 -1 -0.8481 -1
0.3852626 0 -1 0.5 1 -1 0 -1
0.9778036 -1 -1 0.25 -2 -1 -0.7302 -1
0.5417924 -1 -1 0 -3 -1 -0.7452 -1
0.04420362 -1 -1 0.25 -2 -1 -0.9077 -1
0.7191479 -1 -1 0.75 1 1 0.9348 -1
0.9595794 1 -1 0.75 1 1 0.3753 -1
0.9999779 1 -1 0.75 0 1 0.5655 -1
0.5956249 0 -1 0.5 -1 1 0 0
0.4997988 0 0 0.5 0 0 0 0
0.2783273 0 -1 0.5 0 1 0.2263 -1
0.7798639 -1 -1 1 -1 -1 0.25 -1
0.2683351 0 -1 0.5 0 1 0 0
0.7372276 1 -1 0.75 -1 0 0.4019 -1
0.9856724 1 -1 0.5 -1 0 -0.9131 -1
0.7103537 -1 -1 0.75 0 0 0.1191 -1
0.6666011 -1 -1 0.5 -3 -1 0.878 -1
0.5304722 0 -1 0.5 1 1 0.2732 -1
0.5878627 0 0 0.5 1 0 0 -1
0.9638912 1 1 0.75 1 1 0.6249 0
0.9186255 1 0 0.75 0 1 0.875 0
0.3896001 1 -1 0.25 -2 0 -0.1263 0
0.8579012 0 -1 0.25 0 0 -0.8271 -1
0.5122999 0 -1 0.75 -2 -1 -0.5305 -1
0.9246789 0 -1 1 1 1 0.8313 -1
0.8704154 0 1 0.5 0 0 0 0
0.9690806 -1 0 0.75 1 0 -0.5023 -1
0.2771007 -1 -1 0.5 -2 -1 -0.7374 -1
0.7492019 -1 -1 0.25 -1 -1 -0.875 -1
0.9401293 0 1 0.75 -1 1 0.3095 -1
0.8076486 0 0 0.5 0 1 0.4588 -1
0.9562002 1 -1 0.5 2 1 0.8384 -1
0.8023584 0 -1 0.5 1 1 0.3939 -1
0.0884702 -1 -1 1 -1 -1 -0.8419 -1
0.9730401 1 -1 0.75 0 0 -0.25 1
0.5175185 1 0 0.75 3 1 0.8398 1
0.8440629 0 -1 0.5 0 0 0.1372 0
0.07015639 -1 -1 0.25 -1 -1 -0.6124 -1
0.9534721 1 1 0.75 0 1 0.9348 0
0.6525624 -1 -1 1 -2 0 -0.4926 0
0.9875509 1 0 0.75 1 1 0.9218 -1
0.6256445 0 0 0.5 0 1 0 0
0.8746262 1 1 0.5 0 0 0.296 -1
0.1789228 -1 -1 0.25 -2 -1 -0.4875 -1
0.8893709 -1 -1 0.5 -1 0 0.34 -1
0.9393519 -1 -1 0.75 0 -1 0.5323 -1
0.05796161 -1 -1 0.25 -1 0 -0.6465 -1
0.9464221 0 -1 0.75 0 1 0.34 1
0.3605884 1 1 0.75 -1 1 0.5423 -1
0.112918 0 -1 0.25 -3 0 -0.7845 -1
0.7742982 -1 -1 0.5 -1 -1 0.7508 -1
0.4845821 0 -1 0.25 -1 -1 -0.4445 -1
0.9096804 1 0 1 0 1 0 -1
0.8450679 0 -1 0.75 1 1 0.6966 1
0.3028717 0 -1 0.5 0 1 -0.296 1
0.8574033 0 1 0.5 0 1 -0.296 -1
0.9997883 1 -1 1 0 1 0.8885 1
0.2432736 -1 -1 0.25 0 0 -0.296 -1
0.7710936 0 -1 0.5 -1 0 0 -1
0.7814225 -1 -1 0.75 -1 0 0.5423 0
0.4566341 0 -1 0.25 1 0 0.7959 -1
0.8411535 0 0 0.5 1 0 0 -1
0.8975232 -1 -1 0.5 -2 -1 0.5003 -1
0.6407096 0 0 0.5 0 0 0 0
0.6787297 0 -1 0.75 -1 -1 0.4001 -1
0.480472 1 -1 0.75 0 1 0.807 0
0.3760054 -1 -1 0.5 -2 -1 -0.8519 -1
0.04558304 -1 -1 0.5 -3 0 -0.6531 -1
0.3532295 1 -1 1 1 1 0.8402 -1
0.7660941 1 0 0.75 2 1 0.8126 0
0.6305428 1 -1 0.75 -1 0 0.6808 -1
0.03811277 -1 -1 0.25 -2 -1 -0.9584 -1
0.9843793 -1 -1 0.25 -1 -1 -0.8301 -1
0.5579939 0 -1 0.75 -1 1 -0.0258 0
0.2790113 -1 -1 0.25 0 -1 -0.395 -1
0.9012817 1 0 0.75 1 1 0.3382 1
0.6966214 1 -1 0.75 0 1 0.4215 -1
0.9992667 1 -1 0.75 0 1 0.8394 0
0.6259652 0 -1 0.75 0 0 0 -1
0.212999 -1 -1 0 -3 0 -0.9485 -1
0.4259559 -1 -1 0.25 -1 -1 -0.0772 -1
0.05348573 -1 -1 0.5 -2 -1 -0.802 -1
0.9990544 1 -1 0.25 0 1 0.1406 -1
0.5425897 1 -1 0.5 0 0 0.1027 0
0.9904513 1 1 1 2 1 0.624 1
0.9624151 1 1 0.75 2 1 0.9693 1
0.7264097 -1 -1 0.25 -2 0 -0.5659 -1
0.9389684 -1 0 0.75 2 1 0.829 -1
0.516282 1 -1 0.75 0 1 -0.0777 -1
0.94906 -1 -1 0.25 -1 -1 -0.9584 -1
0.6465369 0 -1 0.25 -1 0 -0.8089 -1
0.1510885 -1 0 0.25 -2 -1 -0.9657 -1
0.455999 -1 -1 0.25 0 0 0.4105 -1
0.9897707 1 -1 0.75 -1 1 0.6671 1
0.3025995 0 -1 0.75 -3 -1 -0.507 -1
0.928992 -1 -1 0.75 -2 1 0.3296 -1
0.06023051 0 -1 0.5 0 1 0.7088 0
0.8687198 -1 -1 0.25 1 0 0.4574 -1
0.7012777 0 -1 0.5 0 0 0 0
0.6152495 1 -1 0.5 0 1 0.8101 -1
0.3936964 -1 -1 0.75 -2 0 0.2263 0
0.9636505 1 0 0.75 1 1 0.9464 1
0.4161431 0 -1 0.75 0 1 0.9275 0
0.5002861 0 -1 0.75 0 1 0.2263 0
0.4127668 -1 -1 0.5 0 -1 -0.9765 -1
0.7865428 0 1 0.75 0 1 0.3612 -1
0.7717595 -1 -1 0.25 -2 -1 -0.8704 -1
0.03938491 -1 -1 0.25 -3 -1 -0.9059 -1
0.9966721 1 1 0.75 1 1 0.9678 1
0.5782408 1 -1 0.75 1 1 0.6908 0
0.5398343 0 0 0.5 2 1 -0.3595 -1
0.3894313 -1 -1 0.25 -1 0 0.5408 -1
0.545699 0 -1 0.5 0 0 0 0
0.8890654 -1 -1 0.5 0 0 -0.5106 -1
0.3341089 0 -1 0.25 1 -1 0.2263 -1
0.5983507 -1 -1 0.25 -3 -1 -0.9456 -1
0.9704637 -1 -1 0.75 -1 -1 0.3818 -1
0.6612926 1 0 0.5 0 -1 -0.2869 -1
0.9999999 -1 1 0.25 -1 1 0.9788 -1
0.6583686 1 -1 0.25 -1 -1 0.128 -1
0.9857717 0 -1 0.25 0 0 0.2263 0
0.6393166 -1 0 0.5 -1 0 0.1926 -1
0.1902787 0 -1 0.25 -1 0 -0.1779 -1
0.2438414 -1 -1 0.25 -4 -1 -0.7256 -1
0.9416019 0 0 0.5 0 1 0 0
0.6139249 0 -1 0.75 0 -1 0.2023 -1
0.01278534 -1 -1 0.25 -1 1 -0.2942 -1
0.990989 1 -1 0.75 1 1 0.7579 -1
0.2856381 1 -1 0.25 0 1 -0.296 -1
0.3476236 -1 -1 0.75 -2 -1 -0.7801 -1
0.6283602 0 -1 0.5 0 -1 -0.2325 0
0.0927953 0 -1 0.5 -3 -1 -0.8271 -1
0.2650741 -1 -1 0.25 -2 -1 -0.2732 -1
0.4617401 -1 -1 0.25 -1 -1 -0.5574 -1
0.8639149 1 -1 0.5 -2 -1 -0.4305 -1
0.5009212 1 -1 0.75 0 -1 0.4215 -1
0.449387 1 0 0.5 0 0 0.6705 -1
0.9517006 1 0 0.75 -1 1 -0.8176 -1
0.9988793 -1 -1 0.75 -1 -1 -0.3313 0
0.5549049 0 0 0 0 -1 0 -1
0.7600772 -1 0 0.5 0 -1 0 0
0.02963752 0 -1 0.75 0 0 0.34 -1
0.9422023 1 0 0.75 2 1 0.8271 0
0.2265697 -1 -1 0.25 -2 -1 -0.6486 -1
0.8855132 0 -1 0.75 -2 -1 -0.2112 -1
0.6474788 0 0 0.5 0 0 -0.6908 -1
0.01702066 0 -1 0.5 0 -1 -0.25 0
0.4781328 -1 -1 0.25 -2 -1 -0.4199 -1
0.3050597 -1 1 0.75 0 0 -0.9067 -1
0.2881143 1 -1 0.75 1 1 0.9693 -1
0.8276133 1 1 0.5 0 1 0 1
0.8977222 -1 -1 0 -2 -1 -0.8555 -1
0.2598227 -1 -1 0.25 -2 -1 -0.4923 -1
0.6448509 -1 -1 0.25 -3 -1 -0.631 -1
0.03953195 -1 -1 0.5 -2 1 -0.9854 0
0.4990969 -1 -1 0.25 -2 -1 -0.9869 -1
0.6462248 -1 1 0.75 1 1 0.4404 0
0.3460301 0 -1 0.25 -1 -1 -0.8126 0
0.001935698 1 -1 0.25 -1 1 -0.9092 -1
0.8223491 0 1 0.75 2 1 0.4404 1
0.05685725 -1 -1 0.25 -1 -1 -0.3732 -1
0.5659726 -1 -1 0 -3 -1 -0.8316 -1
0.491946 0 -1 0.25 1 -1 0.3254 -1
0.2835008 -1 0 0.25 -3 -1 -0.7579 -1
0.9377058 -1 -1 0.25 -1 0 0.3818 -1
0.7019143 0 -1 0.5 0 0 0 0
0.8412391 1 0 0.75 1 1 0.875 -1
0.2994916 -1 -1 0.25 -3 -1 -0.97 -1
0.5894025 1 -1 0.25 -2 1 0.4767 -1
0.9304531 1 -1 0.75 0 1 0.6988 0
0.3547805 1 -1 1 0 -1 -0.4215 -1
0.2118866 -1 -1 0.25 -2 -1 -0.9393 -1
0.5247629 0 -1 0.5 0 0 0 -1
0.9970767 -1 -1 0.75 1 1 0.9524 0
0.9890243 -1 -1 0.25 -4 0 -0.4963 1
0.8961272 0 1 0.5 1 1 0 0
0.4794466 -1 -1 0.5 -3 0 -0.4588 0
0.08226028 -1 -1 0.5 -1 -1 -0.5994 -1
0.3044971 0 0 0.5 0 0 0 0
0.846852 -1 1 0.25 -1 -1 0 -1
0.04741881 0 -1 0.5 1 0 0 -1
0.7657097 -1 -1 0.75 -1 -1 0.2732 -1
0.8991404 0 -1 0.25 -2 0 0.7155 -1
0.4815148 0 -1 0.75 -1 1 -0.25 -1
0.08019102 -1 -1 0.25 -3 -1 -0.9112 -1
0.4795075 1 -1 0.75 -2 0 -0.5588 -1
0.776916 1 0 0.75 0 1 0.8126 0
0.4280503 0 -1 0.5 0 -1 -0.25 0
0.4255306 -1 -1 0.25 -1 -1 -0.9504 -1
0.9867343 1 -1 0.75 -1 0 -0.755 0
0.3214475 -1 -1 0.25 -1 1 0.3094 -1
0.6431525 -1 -1 0.25 -2 -1 -0.9389 -1
0.02244165 0 -1 0.25 0 -1 0.5111 0
0.6942257 -1 -1 0.75 -2 -1 -0.9683 -1
0.9144395 -1 -1 0.75 -2 -1 -0.8674 -1
0.2580571 -1 -1 0.25 -1 0 -0.6036 -1
0.2585753 1 1 0.75 1 1 0.4404 1
0.9780956 1 -1 0.5 -1 0 -0.359 0
0.9817787 1 1 0.5 2 0 0.4753 0
0.9811814 1 1 0.75 1 1 0.3612 1
0.9482093 1 1 0.75 2 1 0.886 1
0.5168917 -1 -1 0.25 -1 -1 -0.9241 0
0.9964545 1 -1 0.75 1 1 0.8875 -1
0.3297626 0 0 0.25 0 1 0.0202 0
0.3121357 -1 -1 0.25 -1 -1 -0.5574 0
0.9994782 0 -1 0.5 -2 1 0.6068 -1
0.05662104 -1 -1 0.25 -1 -1 -0.5574 -1
0.8497653 0 -1 0.25 0 0 0.6532 -1
0.6411697 0 1 1 0 0 0.2732 0
0.9256542 0 -1 0.5 -3 0 -0.6111 -1
0.2392014 0 -1 0.75 -1 0 0 0
0.9034926 1 1 1 3 1 0.9199 1
0.3891321 0 -1 0.75 1 -1 0.2263 -1
0.8422544 1 0 0.25 0 1 0.5256 0
0.6139764 0 -1 0.25 0 1 0.6266 -1
0.3067622 0 0 0.5 0 0 0 0
0.9094657 -1 -1 0.5 -1 -1 -0.6908 -1
0.9797425 -1 -1 0.5 -1 0 0.7072 -1
0.6250547 -1 -1 0.5 0 -1 0 0
0.5308712 1 -1 0.75 0 1 0.3612 -1
0.42199 -1 -1 0.25 -2 -1 -0.7964 -1
0.8149876 -1 0 0.25 -1 -1 -0.9764 -1
0.3019358 0 -1 0.75 -2 1 0.4765 0
0.9947018 1 -1 0.75 0 1 0.8519 -1
0.3525805 -1 -1 0.25 -3 -1 -0.976 -1
0.02900254 0 -1 0.25 -2 -1 -0.8196 -1
0.6475632 1 1 0.75 0 1 0 1
0.9273838 -1 0 0.5 0 -1 -0.6848 -1
0.03421419 0 -1 0.25 -2 -1 -0.7651 -1
0.3576446 -1 -1 0.75 0 0 0.4039 -1
0.9863161 -1 -1 0.25 -1 -1 -0.4803 -1
0.5803716 0 -1 0.5 0 0 0 0
0.2077504 -1 -1 0.75 -3 -1 -0.9499 -1
0.09781845 -1 -1 0.75 -1 -1 -0.5266 -1
0.9316673 0 1 0.5 1 -1 -0.3595 1
0.002895775 -1 -1 0.25 -3 -1 -0.8056 -1
0.7683179 0 -1 0.75 0 1 0.5245 0
0.6261144 0 0 0.5 -1 -1 -0.6072 -1
0.7466184 1 -1 0.75 0 1 0.8185 -1
0.4510091 1 0 0.75 3 1 0.5229 1
0.7827105 1 1 0.75 0 1 0.8977 -1
0.3715703 0 0 0.5 0 0 -0.296 -1
0.09191275 -1 -1 0 -3 -1 -0.9062 -1
0.2437528 1 0 0 0 0 0.4404 0
0.5217538 -1 -1 0.5 -1 -1 -0.8139 -1
0.998077 0 -1 0.25 -1 0 -0.4939 -1
0.7374131 1 0 0.75 1 1 0.3612 0
0.7655625 -1 -1 0.75 -2 -1 -0.8402 -1
0.2909628 -1 1 0.5 -1 1 0.6486 0
0.7845751 1 -1 0.75 1 1 0.1007 0
0.2325729 1 0 0.25 0 1 0.5859 0
0.07438146 0 -1 0.75 -1 1 -0.784 -1
0.9902914 1 -1 0.5 0 0 0.3094 -1
0.8687637 1 -1 0.75 0 1 0.9081 -1
0.8743914 0 -1 0.75 -1 1 -0.1285 0
0.7620985 0 -1 0.5 -3 -1 0.4515 -1
0.2678246 0 0 0 -1 0 -0.3089 -1
0.9875457 1 -1 0.75 0 1 0.2484 1
0.977401 0 -1 0.75 1 1 0.5484 -1
0.9850832 1 -1 0.75 -1 1 -0.8835 -1
0.1130686 -1 -1 0.5 -1 -1 -0.9313 -1
0.6677006 -1 -1 0.5 -3 -1 -0.9349 -1
0.1396409 -1 -1 0.25 -1 -1 -0.4523 -1
0.930967 -1 -1 0.5 0 1 0.723 -1
0.5649369 1 -1 0.75 4 1 0.886 0
0.8573604 0 -1 0.75 -1 -1 0.4215 0
0.8647608 0 0 0.5 0 1 0.4019 1
0.65043 -1 0 0.5 -1 -1 -0.5423 -1
0.5527161 0 -1 0.25 -2 1 0.0441 0
0.963447 1 -1 0.75 0 1 0.7874 0
0.953768 -1 -1 0.25 0 -1 0.5423 -1
0.3575088 1 -1 0.25 0 1 0 0
0.01444861 -1 0 0.25 -2 -1 -0.9691 -1
0.8226193 -1 -1 0.25 -1 -1 -0.8151 -1
0.4064579 -1 -1 0.25 0 1 -0.2263 -1
0.6643872 0 -1 0.25 0 1 0.3612 -1
0.2673925 0 0 0.25 -3 -1 -0.2047 -1
0.4095778 -1 -1 0 -2 1 -0.3612 -1
0.3941782 0 0 0.25 -3 0 -0.8955 -1
0.9336462 1 1 0.75 1 1 0.9433 -1
0.4476056 -1 -1 0.25 -2 -1 -0.9231 -1
0.5942699 0 -1 0.25 0 1 0.0077 -1
0.240222 -1 -1 0.25 -3 -1 -0.743 -1
0.7106503 -1 -1 1 -1 1 0.4585 0
0.384467 -1 -1 0.25 -1 -1 0.0258 -1
0.872451 1 1 0.75 1 1 0.4019 1
0.3850874 -1 -1 0.5 -2 -1 -0.4404 -1
0.003719489 -1 -1 0.25 -2 -1 -0.9801 -1
0.01369602 -1 -1 0.25 -2 -1 -0.8271 -1
0.4104941 0 -1 0.25 2 1 0.34 0
0.3009935 0 -1 0.5 0 0 0 0
0.9666308 -1 -1 0.75 0 -1 -0.9308 -1
0.8891516 -1 -1 0.75 0 0 -0.2006 -1
0.7406993 -1 -1 0.75 2 1 -0.2003 -1
0.9932173 -1 -1 0.25 0 0 0.784 -1
0.6852958 0 0 0.5 0 0 0 0
0.435215 -1 0 0.25 -2 -1 -0.5719 -1
0.2162009 -1 -1 0.75 -1 -1 -0.5719 0
0.9467717 1 -1 0.75 1 1 0.7906 1
0.7680265 -1 -1 0.5 -2 -1 -0.4389 -1
0.6435017 -1 -1 0 -2 -1 0.4547 0
0.9805854 1 -1 0.75 1 1 0.9254 1
0.9575096 -1 -1 0.25 -1 0 -0.8154 -1
0.4885913 0 -1 0.25 -1 -1 -0.8699 -1
0.6703689 0 -1 0.75 0 0 0.3182 0
0.6705796 1 1 0.5 0 1 0.4118 0
0.8288587 0 -1 0 0 -1 -0.5775 -1
0.892249 -1 -1 0.75 0 1 -0.6072 -1
0.8105375 0 0 0.5 0 0 0.296 1
0.8609163 0 0 0.75 0 1 0.0772 -1
0.9443936 -1 1 0.75 -1 0 -0.7184 -1
0.4150896 -1 -1 0.75 -1 0 0.1576 0
0.9296914 -1 -1 0.25 -3 -1 -0.7678 0
0.1729693 0 -1 0.5 0 0 0 1
0.844999 0 0 0.5 0 0 0 0
0.8112249 1 0 0.75 1 1 0.807 0
0.6517169 1 -1 0.5 0 1 0.9095 -1
0.5911379 0 0 0.5 0 1 0.5706 -1
0.05979067 1 -1 0.25 -1 0 0.5267 0
0.7226241 1 1 1 -1 1 0.25 -1
0.5684579 -1 -1 0.25 -1 1 0.34 -1
0.1645144 0 -1 0.25 -1 0 -0.7901 0
0.0151134 -1 -1 0.25 -2 -1 -0.8836 -1
0.2163321 0 0 1 -1 -1 -0.2263 -1
0.7436279 -1 -1 0.75 -1 -1 -0.34 -1
0.9880529 1 -1 1 2 1 0.9201 0
0.5775074 -1 -1 1 -2 -1 -0.8738 -1
0.7919242 0 1 0.5 0 0 0 0
0.9060178 -1 -1 0.25 -1 -1 0.4213 -1
0.2825301 -1 -1 0.25 -3 0 -0.3147 -1
0.9229041 0 0 0.75 0 0 0 -1
0.9972242 -1 -1 0.25 -2 -1 -0.891 -1
0.4937175 -1 -1 0.25 -3 -1 -0.8502 -1
0.7370007 0 -1 0.5 1 0 0 -1
0.7567461 0 -1 0.25 -2 -1 -0.4588 0
0.928153 1 -1 0.75 2 1 0.743 1
0.7798535 0 -1 0.5 0 1 0.1531 -1
0.2959964 -1 -1 0.25 0 0 -0.5439 -1
0.2134598 -1 0 0.25 -4 0 -0.7339 -1
0.8406278 1 0 0.75 1 0 0.8807 -1
0.7255408 -1 -1 0 -1 -1 0 -1
0.9989601 -1 -1 0.5 -2 1 -0.128 -1
0.5282321 0 -1 0.75 1 0 0.4036 -1
0.999979 0 -1 0.25 -1 0 0.9579 -1
0.2927959 1 -1 0.5 -3 0 0.1027 0
0.9003153 1 0 0.75 1 1 0.8316 1
0.2412009 -1 -1 0 -1 -1 -0.8481 0
0.3851913 0 0 0.75 0 1 0.296 -1
0.1212742 1 -1 0.25 1 0 -0.5707 0
0.1100012 -1 -1 0 -2 -1 -0.9349 -1
0.9982154 0 -1 0.5 0 0 0.4404 0
0.983322 1 -1 0.5 0 1 0 -1
0.9839889 0 0 0.5 0 0 0.8611 -1
0.2821004 1 -1 0.75 1 1 0.7096 -1
0.967855 1 0 0.5 -1 0 -0.9231 0
0.9702863 1 -1 0.25 3 1 0.9205 0
0.3278885 0 -1 0.5 1 0 0.876 0
0.3776662 -1 -1 0.5 -2 -1 0.5736 -1
0.8953283 0 0 0.5 0 1 0 0
0.8838405 0 -1 0.5 0 -1 0 -1
0.7823859 -1 -1 0.25 -1 1 -0.3991 -1
0.04685818 -1 0 0.25 -1 -1 -0.6209 -1
0.9013594 1 1 0.75 1 1 0.4404 1
0.6317656 -1 1 0.5 -3 0 0.1027 -1
0.2740386 -1 -1 0.75 -1 1 -0.7126 -1
0.1269043 1 -1 0.75 -2 1 0.6003 -1
0.5319066 -1 -1 0.25 0 -1 -0.6933 -1
0.9566113 1 -1 0.75 -1 1 0.9279 0
0.788887 -1 -1 0.5 0 -1 -0.0045 -1
0.0241995 1 -1 0.25 -2 1 0.1027 -1
0.9290891 0 -1 0.5 0 1 -0.0498 -1
0.9999988 -1 -1 0.25 0 0 -0.9888 -1
0.4408171 -1 0 0.5 0 -1 -0.296 1
0.4682796 -1 -1 0.25 -3 -1 -0.7269 -1
0.8806592 -1 -1 0.25 0 0 0.629 -1
0.2171222 -1 -1 0.25 -3 -1 -0.9662 -1
0.805579 1 -1 0.75 1 1 0.8271 0
0.9417107 1 -1 0.75 1 1 0.7269 1
0.9976497 -1 -1 0.75 -1 1 0.7998 -1
0.2661315 -1 -1 0.25 -1 -1 -0.6103 -1
0.7679041 0 -1 0.75 -3 1 0.4215 -1
0.6786864 1 0 1 2 1 0.5859 1
0.7634913 1 -1 0.5 0 1 0.5719 -1
0.174002 1 -1 0.75 -2 0 -0.5267 -1
0.8887671 -1 1 1 3 1 0.4199 1
0.8431166 1 1 0.25 2 1 0.7096 1
0.9207588 0 -1 0.5 0 0 0 0
0.8401453 0 0 0.5 0 0 0 0
0.8039734 0 -1 0.25 0 1 0.34 0
0.9357665 1 0 0.75 2 0 0.0258 -1
0.9033548 1 0 0.25 2 -1 0.5719 1
0.8188211 0 -1 0.25 0 0 0 0
0.8634825 -1 -1 0.25 -4 -1 -0.9911 -1
0.3555546 -1 -1 0 -2 1 -0.9473 -1
0.727652 -1 -1 0.25 -2 -1 -0.6486 -1
0.8623797 1 -1 0.5 -2 1 -0.8781 0
0.5746642 1 -1 0.75 1 1 0.8738 0
0.1669522 -1 -1 0 -2 -1 -0.8078 -1
0.9885985 0 -1 0.75 1 1 0.6808 0
0.8865455 1 -1 0.5 1 1 0.4588 -1
0.9286017 0 -1 0.5 0 -1 -0.4242 0
0.9997117 1 -1 0.75 -1 1 0.504 0
0.2494758 -1 -1 0.25 -3 -1 -0.4588 -1
0.5780584 1 -1 0.75 -1 1 0.7901 0
0.6979259 -1 -1 0.5 -1 -1 0.128 0
0.04337545 -1 -1 0.25 -3 -1 -0.9497 -1
0.7082551 0 -1 0.75 0 1 0.128 -1
0.6183628 0 -1 0.75 0 1 -0.4082 0
0.7928461 0 -1 0.75 0 1 0.8641 1
0.8541752 0 0 0.75 0 1 0.5809 0
0.6399409 0 -1 0.75 1 1 0.5574 -1
0.9999818 1 1 0.75 0 1 0.9278 1
0.8549783 0 0 0.5 0 0 0 0
0.1468933 0 -1 0.75 0 1 0.8247 0
0.881044 1 -1 0.75 -2 1 0.2263 -1
0.02679736 -1 0 0.25 -1 -1 -0.7982 -1
0.3071299 -1 -1 0.25 -3 -1 -0.953 -1
0.8988512 -1 -1 0.5 -1 1 0.3076 0
0.4326785 1 -1 0.5 0 1 -0.8618 -1
0.1445555 -1 -1 0.25 1 -1 0.1613 -1
0.995802 0 -1 0.75 2 1 0.9362 1
0.6990899 -1 -1 0.5 -2 -1 0 -1
0.4436211 1 0 0.5 1 1 0.6908 1
0.9825287 -1 -1 0.25 -1 -1 -0.9958 -1
0.07593818 1 -1 0.25 -1 1 0.6908 0
0.3762229 -1 -1 0.75 -1 -1 -0.4404 -1
0.4606339 1 -1 0.5 0 1 0.3919 0
0.5928056 0 -1 0.5 -1 0 0 -1
0.2501192 0 0 0.5 0 -1 0.6966 -1
0.7025962 -1 -1 0.25 -3 -1 -0.835 -1
0.7598309 1 -1 0.75 -1 1 0.5859 -1
0.9995348 -1 -1 0.5 -1 -1 0.9297 -1
0.7458708 0 0 0.75 0 1 0 0
0.9911173 0 -1 0.75 0 1 0.249 -1
0.04675402 0 -1 0.25 -2 -1 -0.7584 -1
0.9205342 0 0 0.25 0 0 0 0
0.784519 0 1 0.5 0 -1 0 -1
0.993255 1 -1 0.75 0 1 0.8205 1
0.3283729 1 -1 0.25 -1 1 0.636 0
0.8908867 1 0 1 1 1 0.504 1
0.5235935 0 -1 0.75 0 -1 0.2057 0
0.01111438 1 -1 0.5 0 1 0.8705 -1
0.7206848 0 1 0.5 -1 -1 0.8926 -1
0.815819 0 0 0.75 1 0 0 1
0.709686 -1 -1 0.25 -1 0 -0.7303 0
0.05199343 -1 -1 0.25 -1 -1 -0.8583 -1
0.6166347 0 -1 0.25 0 0 0.2732 -1
0.5759272 0 -1 0.5 -3 1 0.3412 -1
0.9884837 -1 -1 0.25 -2 -1 -0.9942 -1
0.1524729 -1 -1 0.75 -1 1 0 1
0.2343307 0 0 0.75 1 0 0 0
0.0560748 1 -1 0 -2 0 0 -1
0.5821403 -1 0 0.75 0 1 0.949 0
0.9819154 1 -1 0.25 0 1 0.9645 -1
0.5658424 -1 0 0 0 -1 0 -1
0.5120988 -1 -1 0.25 -1 -1 -0.6956 -1
0.4816795 0 0 0.5 0 0 0 1
0.883197 0 -1 0.5 0 0 -0.088 0
0.6525442 0 -1 0.5 -1 -1 -0.4588 -1
0.9690264 1 -1 0.5 -1 -1 -0.9146 0
0.9989924 1 1 0.75 1 1 0.9353 1
0.0571024 -1 -1 0.5 -3 -1 -0.9168 -1
0.03608474 -1 -1 0.5 -2 -1 -0.9337 -1
0.3289242 1 -1 1 0 1 0.7269 0
0.9973562 0 1 0.25 0 1 0.8779 -1
0.9419314 0 1 0.5 0 0 0 0
0.6173315 -1 -1 0.5 -2 -1 -0.8979 -1
0.9942287 -1 -1 0.5 -1 0 -0.9239 -1
0.922113 0 1 0.5 0 1 0.2263 0
0.4141017 1 -1 0.5 -1 0 -0.3612 0
0.9995552 -1 -1 0.25 -2 -1 -0.9168 -1
0.2478637 0 1 0.25 -1 0 -0.6597 0
0.3006092 -1 -1 0.25 -2 -1 -0.5562 -1
0.4478998 0 -1 0.25 -1 1 0.0129 -1
0.8916663 0 -1 0.25 0 0 0 0
0.09542023 -1 -1 0.75 1 -1 0.6124 -1
0.1783871 -1 -1 0.25 0 -1 -0.6996 -1
0.6122544 0 0 0.5 1 0 0 -1
0.8758048 1 0 0.75 0 1 0.7906 -1
0.0787771 -1 -1 0.5 -4 -1 -0.9206 -1
0.2380593 0 -1 0.25 -1 0 0.3612 -1
0.8466297 -1 -1 0.75 -1 0 0.9789 1
0.8817824 -1 -1 0.75 -1 -1 -0.4767 -1
0.9944052 1 -1 0.75 -1 1 0.9789 -1
0.961823 -1 -1 0.25 -1 1 0.8092 0
0.01570458 0 -1 0.5 -1 -1 -0.7269 -1
0.2407704 -1 -1 0.5 -1 -1 -0.5043 -1
0.8011713 0 1 0.75 1 0 -0.128 0
0.2249368 -1 -1 0.25 -3 -1 -0.9633 -1
0.9386204 -1 0 0.75 -2 -1 -0.9559 -1
0.4825101 1 -1 0.75 0 1 0 0
0.7472242 1 -1 0.75 -1 1 0.3378 0
0.5686872 1 -1 0.75 1 1 0.4871 -1
0.124279 -1 -1 0 -1 -1 -0.9485 -1
0.1463887 -1 -1 0.25 0 -1 -0.9798 -1
0.999758 1 -1 0.75 1 1 0.5667 0
0.93208 -1 -1 0.25 -1 -1 -0.296 0
0.1301809 0 0 0.5 0 0 0 -1
0.2164757 -1 -1 0 -2 -1 -0.7964 -1
0.2141831 1 -1 0.75 1 -1 0.6352 1
0.4714628 -1 -1 0.25 -3 -1 -0.4215 0
0.07764187 -1 -1 0.25 -2 -1 -0.98 0
0.9852809 -1 -1 0.25 -1 1 0.6004 -1
0.9293493 0 -1 0.25 -3 0 -0.4767 1
0.7840821 -1 -1 0.5 -1 -1 -0.481 -1
0.999121 1 -1 0.5 -2 1 0.9376 -1
0.7322479 -1 0 0.25 -3 -1 -0.4939 -1
0.9716709 1 -1 0.75 0 1 0.8958 0
0.2689159 0 -1 0.75 0 0 0 -1
0.607545 -1 0 0.5 -1 -1 0.2023 -1
0.3519738 -1 -1 0.25 0 -1 0 0
0.2548181 -1 -1 0 -2 -1 -0.7448 -1
NA -1 -1 0.25 0 1 -0.998 -1
0.8628585 0 -1 0.5 1 1 0 1
0.3995261 1 -1 0.25 0 1 0.4404 -1
0.9641044 0 -1 0.25 -1 0 -0.6747 -1
0.3028967 0 -1 0.25 -2 -1 -0.843 -1
0.8654277 0 0 0.5 0 1 0.4019 -1
0.6312054 0 -1 0.75 0 1 0.1779 1
0.5959492 0 -1 0.5 -1 1 0.3322 -1
0.7789509 0 -1 0.5 -2 -1 -0.7392 -1
0.3608884 -1 -1 0.5 0 1 -0.2732 -1
0.8899174 1 -1 0.25 0 -1 -0.0693 1
0.8884462 0 -1 0.5 -1 0 0.8293 -1
0.5135217 0 -1 0.25 -1 0 -0.2732 -1
0.9704975 -1 -1 0.5 -2 -1 -0.9576 -1
0.2748156 0 1 0.75 0 -1 -0.7627 0
0.7820318 1 -1 0.75 -1 1 0 0
0.9529691 0 -1 0.25 -1 -1 0 -1
0.1165129 1 -1 0.5 0 1 -0.1245 -1
0.9943709 -1 -1 0 -2 -1 -0.8555 -1
0.9999769 -1 -1 0.25 0 -1 -0.9517 -1
0.7001209 -1 -1 0.5 0 -1 -0.69 -1
0.002293556 -1 -1 0.25 -1 -1 -0.936 -1
0.2509486 0 -1 0.75 1 -1 -0.1779 -1
0.004337939 -1 -1 0.5 -1 0 0.8255 -1
0.1398386 -1 -1 0.25 0 -1 -0.8841 -1
0.6302619 1 -1 0 -2 -1 0 -1
0.5676876 -1 -1 0.5 -3 -1 -0.3612 -1
0.9940571 -1 -1 0.25 0 0 -0.3191 -1
0.9245989 1 1 0.75 1 1 0.965 1
0.766008 -1 -1 0.75 -1 1 0.7779 -1
0.7346099 1 -1 0.25 -2 -1 0.7052 -1
0.08794893 -1 -1 0.25 0 -1 -0.6187 -1
0.6122055 -1 -1 0.5 -1 -1 -0.5228 -1
0.8354573 -1 -1 0.25 -2 1 0.3612 -1
0.9653502 -1 -1 0.25 -2 -1 -0.7314 -1
0.7129151 1 -1 0.5 0 1 0.8248 -1
0.9987909 0 -1 0.5 -1 0 0.5848 -1
0.07776297 1 -1 0 0 0 -0.296 -1
0.8656621 -1 -1 0.5 1 -1 -0.6476 0
0.6005755 0 0 1 0 1 0.6597 -1
0.9904205 0 -1 0.5 0 1 0.8965 -1
0.04191076 -1 -1 0.75 -1 0 -0.3919 0
0.03542103 -1 -1 0.5 -1 -1 -0.4404 -1
0.7291071 -1 -1 0.25 -2 -1 -0.9607 -1
0.981988 0 -1 0.25 0 1 0.9477 0
0.8715697 0 0 0.5 0 1 0 0
0.9849008 -1 -1 0.75 -2 0 -0.5994 -1
0.6084968 0 -1 0.75 -1 -1 -0.5994 -1
0.2150151 -1 0 0.25 -2 -1 -0.7096 0
0.9509689 0 -1 0.75 -1 1 -0.5562 -1
0.7973523 1 -1 0.75 0 1 0.9059 0
0.4432022 0 0 0.25 0 0 0.4215 1
0.9952307 1 -1 0.75 -1 1 0.9894 -1
0.7800066 0 -1 0.25 -2 1 -0.9063 -1
0.9755729 1 -1 0.75 0 1 0.8481 -1
0.9190834 -1 -1 0.25 -1 0 -0.5903 -1
0.4527826 -1 -1 0 -3 -1 -0.8463 -1
0.9497843 -1 0 0.25 -1 -1 -0.3182 -1
0.6980095 0 -1 0.25 2 1 0.4019 -1
0.377477 0 0 0.5 0 0 0 0
0.6524464 -1 0 0 -1 -1 -0.8537 -1
0.004951746 1 -1 0.75 0 0 -0.68 0
0.5160334 1 0 0.75 1 1 0.3612 0
0.007971288 1 -1 0.25 -1 1 0.1331 -1
0.7357603 -1 -1 0.5 -1 1 0 -1
0.5193737 -1 -1 0.25 -3 -1 -0.9607 -1
0.9352916 1 -1 0.25 -1 1 0.5106 0
0.4418922 -1 -1 0.25 -1 -1 -0.7645 -1
0.1443019 -1 -1 0.5 -1 0 -0.9374 -1
0.7058373 0 1 1 0 1 0 1
0.9355117 -1 -1 0.75 -2 0 -0.9541 -1
0.1312319 -1 -1 0.25 -4 0 -0.8513 -1
0.8470488 1 1 0.75 1 1 0.4588 1
0.1108165 1 -1 0.25 0 1 0.504 -1
0.8738163 1 -1 0.75 0 1 0.3382 -1
0.9835278 -1 -1 0.25 -3 0 0.4449 -1
0.8293652 0 0 0.75 -1 1 0.5043 0
0.0675085 1 -1 0.5 -1 -1 0.3595 0
0.9995815 1 -1 0.75 1 1 0.9756 -1
0.9997258 -1 -1 0.75 -1 -1 0.9669 -1
0.8247125 -1 -1 0.75 0 -1 -0.6369 -1
0.4004507 -1 -1 0.25 0 -1 -0.2942 -1
0.9645289 0 -1 0.5 1 1 0.4728 0
0.4355929 -1 0 0.25 -1 -1 -0.3182 -1
0.07612845 -1 -1 0.25 0 -1 0.9239 -1
0.1468608 -1 -1 0.5 -3 -1 -0.829 -1
0.7435559 0 0 0 1 0 0 0
0.7704715 1 -1 0.75 1 1 0.3382 0
0.9672349 0 0 1 1 1 0.8156 0
0.1976077 -1 -1 0.5 -2 -1 -0.4404 -1
0.9685184 1 -1 0.5 -2 1 0.3699 -1
0.9763411 1 1 0.75 1 1 0.4215 1
0.9834718 1 -1 0.5 -2 1 -0.3291 -1
0.8787506 -1 -1 0.25 0 -1 -0.2042 -1
0.9571966 1 -1 0.75 -1 1 -0.2023 0
0.1059154 0 -1 0 -1 0 0.296 0
0.4797446 -1 -1 0.25 -2 -1 -0.128 -1
0.7133575 -1 1 0.25 -2 1 -0.4184 -1
0.1892833 0 0 0.5 0 1 -0.296 1
0.4981833 -1 -1 0.5 -1 1 -0.6218 -1
0.8912991 0 -1 0.5 -1 1 0 0
0.9805237 1 -1 0.75 1 1 0.9809 1
0.001343883 -1 -1 0.25 -4 0 -0.9382 1
0.2980466 -1 -1 0.25 -1 -1 -0.296 0
0.5965626 0 1 0.5 -1 1 0.1531 0
0.9811729 1 -1 0.75 1 1 0.6369 -1
0.4862629 0 -1 0.5 0 1 0.1027 -1
0.3326634 0 0 0.5 0 0 0 0
0.3831453 -1 0 0.25 -3 -1 -0.5106 -1
0.8678105 -1 0 0.5 -2 1 -0.4215 -1
0.1960296 -1 -1 0.25 -3 -1 -0.886 -1
0.1384964 0 0 0.25 -2 0 -0.5994 -1
0.9965191 1 1 0.75 1 1 0.4404 1
0.6214072 -1 -1 0.75 0 1 0.8767 -1
0.9488294 0 0 0.25 -1 1 0.2415 0
0.9993176 1 -1 0.75 -1 1 0.6908 1
0.3321555 -1 -1 0.25 0 -1 -0.7691 -1
0.2426498 1 -1 0.25 0 -1 -0.2263 0
0.9967418 0 -1 1 1 1 0.7906 0
0.93848 0 0 0.5 2 0 0 1
0.9984443 -1 -1 0.75 -1 0 0.0284 -1
0.9369583 1 -1 0.25 -1 -1 0.7506 0
0.943269 -1 -1 0.25 -3 -1 -0.8268 -1
0.858367 -1 0 0 -1 -1 0.3612 -1
0.8280189 -1 -1 0.25 -2 -1 -0.7117 -1
0.3380515 -1 -1 0.75 0 1 0.5423 -1
0.1699089 0 -1 0.5 -1 -1 0.296 -1
0.9256209 1 -1 1 -1 1 0.8385 0
0.9747606 1 1 0.75 -1 1 0.7717 -1
0.007402622 0 -1 0.25 -1 0 -0.9578 -1
0.1863159 -1 -1 0.75 1 -1 -0.128 1
0.9961007 1 -1 0.5 -1 1 0.7946 -1
0.7555884 0 -1 0.25 -3 -1 -0.7453 -1
0.4753037 -1 0 0.5 0 -1 0 0
0.2505939 1 -1 0.75 2 1 0.7399 -1
0.952087 1 0 0.75 0 1 0.7497 0
0.4535767 -1 -1 0.25 -2 -1 -0.9017 -1
0.9047811 0 0 0.5 0 1 0.2023 -1
0.5563874 0 -1 0.75 -2 1 0.128 -1
0.9808263 0 -1 0.5 0 -1 -0.228 -1
0.9701164 1 -1 0.75 2 1 0.8807 1
0.6818675 -1 -1 0.5 -1 -1 0.5218 -1
0.553822 -1 0 0.5 -1 0 -0.4019 -1
0.6172901 -1 0 0 -1 -1 0 1
0.9782854 1 -1 0.75 -1 1 0.7717 -1
0.9999994 -1 -1 0.5 -1 -1 -0.9461 -1
0.4539369 -1 -1 0.25 -1 -1 -0.6597 -1
0.7070208 -1 -1 0.75 1 -1 -0.68 -1
0.7777684 -1 -1 0.25 -3 1 -0.7521 -1
0.3418837 1 -1 0.75 2 1 0.7351 0
0.2508798 -1 -1 0 -2 -1 0 -1
0.8081027 0 -1 0.75 0 1 0 0
0.7423313 -1 -1 0.5 -1 0 0.7623 -1
0.7018743 1 -1 0.75 0 1 0 0
0.428126 -1 -1 0.5 -1 0 -0.8932 -1
0.7952192 -1 -1 0.25 -2 -1 -0.9413 -1
0.7958546 0 -1 0.25 -1 0 0 -1
0.6518217 -1 -1 0.75 -2 -1 -0.6666 -1
0.8120926 -1 -1 0.25 -1 -1 0.4404 -1
0.4994392 0 -1 0.5 -2 -1 0.6072 0
0.0529338 -1 -1 0.75 -2 -1 0.3873 -1
0.7151591 1 0 0.75 2 1 0.9 -1
0.7746893 0 1 0.5 0 0 0 0
0.3743537 1 -1 0.75 1 1 0.8173 -1
0.9432523 1 -1 0.5 1 1 0.4926 -1
0.9684535 1 -1 0.75 -2 1 0.8426 -1
0.5545524 0 -1 0.5 -1 0 0 0
0.96533 0 -1 0.75 -1 -1 -0.3818 -1
1 1 -1 0.75 1 1 0.8326 0
0.4229049 -1 -1 0.25 -1 -1 -0.6457 -1
0.8292944 1 -1 0.5 1 0 0.5719 -1
0.8229741 0 0 0.25 0 0 -0.1531 -1
0.5564664 -1 -1 0.5 0 -1 0.2263 0
0.6547093 0 -1 0.5 1 0 0 1
0.8470933 1 1 0.75 1 1 0.8934 1
0.6576054 1 -1 0.25 1 1 0.2732 -1
0.2402938 -1 -1 0.25 -2 -1 0.3605 -1
0.6744485 0 1 0.75 1 1 -0.0083 0
0.5975391 0 -1 0.5 0 0 0.204 -1
0.6589441 0 0 0.25 0 0 0 -1
0.8714129 -1 -1 0.75 1 1 0.9305 -1
0.7326053 0 -1 0.75 1 0 0.4871 -1
0.9218251 -1 -1 0.75 -1 1 0.7579 -1
0.7970087 -1 0 0.25 -2 -1 -0.8883 -1
0.2539976 -1 -1 0.25 -2 -1 -0.6423 -1
0.5969133 -1 -1 0.25 -2 -1 -0.4215 -1
0.973403 0 -1 0.25 -2 1 -0.7003 -1
0.999051 1 0 0.75 1 1 0.9371 0
0.7997131 -1 -1 0.25 -3 -1 -0.9458 -1
0.7085286 0 -1 0.5 0 1 0.4767 0
0.6437345 -1 -1 0.25 0 -1 0.0516 -1
0.2960378 -1 -1 0 -1 1 -0.1027 -1
0.9878058 -1 -1 0.5 -3 -1 -0.4226 -1
0.3057969 -1 -1 0.75 -2 -1 -0.5994 -1
0.7397993 -1 -1 0.5 0 1 0.4005 -1
0.6970284 -1 -1 0.25 -1 -1 -0.6369 -1
0.7366093 0 -1 0.5 0 1 0 0
0.9883834 -1 -1 0.25 -2 -1 -0.9927 -1
0.6899254 1 -1 0.5 1 1 -0.3182 -1
0.4723688 -1 -1 0.25 -2 0 -0.8853 -1
0.1379584 0 0 0.5 -1 -1 -0.296 -1
0.8656381 -1 -1 0.75 0 0 0.4922 -1
0.8214462 -1 -1 0.25 0 1 0.2182 -1
0.6562126 1 0 0.5 -2 1 -0.2617 0
0.4979362 0 -1 0.5 -2 -1 -0.6808 -1
0.9906623 1 -1 0.75 1 1 0.4501 1
0.9399579 -1 -1 0.25 -2 -1 -0.9936 -1
0.09485016 -1 -1 0 0 -1 0.6433 -1
0.0083022 -1 -1 0.25 -1 1 -0.9747 -1
0.7721235 1 -1 0.75 -2 1 0.8698 1
0.9446539 -1 -1 0.75 -1 -1 0.1779 -1
0.8923117 0 -1 0.25 -2 1 0.6204 -1
0.2981089 -1 -1 0.25 0 -1 -0.891 -1
0.1269056 -1 -1 0 -2 -1 -0.9628 -1
0.8351157 -1 0 0.75 0 0 0.5168 0
0.6560956 1 -1 0.5 0 1 0.5267 -1
0.2687517 0 1 0.25 -2 0 -0.7964 -1
0.7869914 -1 -1 0.5 -1 -1 0.504 -1
0.5648459 0 -1 0.5 -1 0 0.6166 0
0.9749707 -1 -1 0.25 -1 1 0 -1
0.573209 0 -1 0.5 0 -1 0 -1
0.9998982 1 -1 0.75 1 1 0.9902 1
0.9092875 1 -1 1 1 1 0.9408 1
0.4851556 0 -1 0.25 -1 0 -0.7888 0
0.4993753 -1 -1 0.75 1 1 -0.296 -1
0.6694528 1 -1 0.75 1 1 0.2716 -1
0.8094584 0 0 0.5 0 0 0 -1
0.8532534 -1 -1 0.25 1 0 -0.5395 -1
0.9096744 0 -1 0.75 -2 -1 -0.584 -1
0.2515601 1 -1 0.75 1 1 0.1376 -1
0.9769704 0 -1 0.75 0 1 0.0772 -1
0.06471211 -1 -1 0.25 -1 -1 -0.9753 -1
0.3363353 0 0 0.5 0 0 0 0
0.4659181 -1 0 0 -4 -1 -0.9215 -1
0.3095983 0 0 0.5 0 0 0 0