0.9684698 1 -1 0.75 0 1 0.8924 -1
0.9902691 1 0 0.75 1 1 0.9735 1
0.06886757 1 -1 0.5 1 1 0.5519 -1
0.8883917 1 -1 0.75 0 0 0 0
0.8567033 1 -1 0.75 1 1 0.7577 0
0.9999979 1 0 0.75 1 1 0.9894 1
0.8676044 1 0 0.75 1 0 0.5362 0
0.1372383 1 1 0.75 3 1 0.8547 1
0.9593835 1 -1 0.5 1 1 0.2686 1
0.9722875 1 -1 0.75 0 1 0 0
0.05148666 -1 -1 0.25 -2 0 -0.8397 -1
0.01274817 -1 -1 0.5 1 1 0.8202 1
0.9860834 1 -1 0.75 1 1 0.8316 0
0.918144 0 0 0.75 2 1 0.4404 0
0.8121731 0 -1 0.75 1 1 0.4926 0
0.2460678 -1 0 0.5 0 -1 -0.2732 0
0.9156642 1 -1 0.75 1 1 -0.4497 0
0.9713299 1 -1 0.75 2 1 0.9004 1
0.9371686 0 1 0.5 0 1 0.6249 1
0.99991 1 -1 0.75 3 1 0.9362 1
0.05172354 -1 -1 0.25 -1 0 -0.6249 0
0.9712649 1 0 0.75 2 1 0.8429 1
0.03561039 1 -1 0.75 0 1 0.9606 1
0.8805636 0 -1 0.75 0 1 0.9735 0
0.9953821 1 -1 0.75 -1 1 0.9698 1
0.2831781 0 -1 0.75 0 0 0 0
0.9413575 0 -1 0.75 -1 1 0.5859 1
0.9812547 1 0 0.75 1 1 0.8932 1
0.5 0 0 0.5 0 0 0 0
0.03110025 1 0 0.25 0 1 0.7177 -1
0.80355 1 0 0.75 0 1 0.2732 1
0.0005168912 0 -1 0.25 -2 -1 -0.6434 -1
0.7643143 1 -1 0.75 0 1 0.9113 0
0.9943931 -1 -1 0.75 2 1 0.9795 1
0.1207071 1 -1 0.5 1 1 -0.4104 1
0.997146 1 0 0.75 4 1 0.9845 1
0.9902264 1 1 0.75 2 1 0.859 1
0.8639241 0 -1 0.75 0 0 0.7711 1
0.1424707 0 -1 0.75 0 0 0.4215 1
0.8912483 0 -1 0.25 2 0 0.5374 1
0.909513 1 -1 0.75 1 1 0.6083 1
0.7779984 1 -1 0.75 1 1 0.7339 0
0.970174 1 -1 0.25 1 1 0.5191 1
0.9106619 0 -1 0.5 2 1 -0.2444 1
0.9231472 0 -1 0.5 1 1 0.6908 1
0.1013448 1 -1 0 0 1 0.6553 0
0.001656776 -1 -1 0.25 -2 -1 -0.2828 -1
0.8405665 -1 -1 0.25 0 0 0.3834 0
0.9897865 1 -1 0.5 2 1 0.1963 -1
0.9828173 1 -1 0.75 1 1 0.8899 1
0.2317884 -1 -1 0.75 1 -1 0.3941 1
0.5 0 -1 0.75 1 -1 0 1
0.7818394 1 -1 0.75 0 1 0.6726 1
0.7672319 1 -1 0.25 -1 1 0.4871 0
0.9743622 1 -1 0.5 -1 1 0.929 1
0.2436896 0 -1 0.25 0 0 0 -1
0.0710203 0 -1 0.5 0 0 0.4753 1
0.835209 1 0 0.75 3 1 0.783 1
0.5 0 -1 0.25 -1 1 0 0
0.1675523 -1 -1 0.75 -1 -1 -0.7653 -1
3.809397e-05 1 -1 0.25 -1 1 -0.9636 -1
0.171019 0 -1 0.75 0 1 0.4601 -1
0.8319385 1 -1 0.5 1 1 0.3565 0
0.03323689 -1 -1 0.25 -1 1 0.975 0
0.9457292 1 0 0.75 1 1 0.4926 1
0.859533 0 -1 0.5 0 0 0.3182 0
0.9954136 1 1 1 3 1 0.8172 0
0.7905961 1 1 0.75 0 1 0.979 0
0.182153 1 1 0.75 -3 1 0.6209 1
0.02126833 -1 0 0.5 -2 -1 -0.8745 -1
0.01272352 -1 0 0.75 0 -1 0.0772 0
0.9441891 0 -1 0.75 1 1 0.4926 1
0.0863038 1 -1 0.75 2 1 0.8779 0
0.9823268 0 1 0.75 -1 1 0.5837 1
0.9942857 1 -1 1 2 1 0.8419 1
0.764888 1 -1 0.5 0 1 0.8876 0
0.05213049 -1 1 0.5 -1 -1 0.5053 0
0.750244 1 -1 0.5 1 1 0.9521 0
0.9744225 0 -1 0.75 0 -1 0.8519 1
0.06795585 1 -1 0.25 0 1 0.6792 -1
0.07575899 -1 -1 0.75 1 0 0.8589 1
0.006999499 0 -1 0.25 1 1 0.7906 -1
0.7977828 1 -1 0.5 2 1 0 1
0.9095197 1 -1 0.5 -4 1 -0.0754 -1
0.5 1 0 1 2 1 0.6199 0
0.9643962 1 -1 0.75 -1 1 0.9246 -1
0.2457918 1 -1 0.5 0 1 0.1901 -1
0.2359574 0 -1 0.5 1 0 0 1
0.150163 -1 -1 0.5 -2 0 0.928 0
0.003086411 -1 -1 0.75 -2 -1 -0.5711 -1
0.8617759 1 -1 0.75 -1 1 0 1
0.2033925 1 1 0.75 4 -1 0.9121 1
0.9191638 -1 0 0.75 1 1 0.6133 1
0.2466927 -1 -1 0.25 0 -1 -0.5778 1
0.9834289 1 1 1 4 1 0.6114 1
0.7854417 0 0 0.5 1 0 0.4898 1
0.5 0 -1 0.5 0 1 0.128 0
0.8532164 0 -1 0.5 1 -1 0 0
0.0005392535 0 -1 0.5 0 1 0.9579 1
0.9999993 1 -1 0.75 1 1 0.9979 1
0.8553846 1 -1 0.75 1 1 0.3998 1
0.8885038 1 -1 1 0 1 0.5225 0
0.9956403 1 -1 0.75 -1 1 0.9693 1
0.7677471 1 -1 0.75 1 1 0.1607 1
0.8063154 1 -1 0.75 1 1 0.8964 0
0.876189 1 0 0.5 1 1 0.8126 -1
0.9271397 1 1 0.75 2 1 0.8551 1
0.7494716 -1 -1 0 1 -1 0.2481 -1
0.9904149 1 1 0.75 0 1 0.9343 1
0.7664395 0 -1 0.5 1 1 0.4574 1
0.5 0 -1 0.5 0 0 0 1
0.02321358 1 -1 0.75 -2 1 0.358 0
0.8533514 1 -1 0.25 0 1 0.9363 -1
0.2601989 0 -1 0.5 1 1 0.4738 1
0.5 1 -1 0.5 0 1 -0.0762 0
0.9999458 1 -1 0.75 0 1 0.9622 0
0.8940567 0 -1 0.25 -2 -1 -0.3314 1
0.9977507 1 -1 0.75 -1 1 0.8922 0
0.953364 0 -1 0.75 2 1 0.9078 1
0.2123173 0 -1 0.75 -1 0 0.7876 0
0.9729885 1 0 0.75 2 1 0.8597 0
0.1767061 1 -1 0.5 2 1 0.1727 0
0.9978405 1 1 0.75 2 1 0.8513 1
0.0005920201 -1 -1 0.25 -2 -1 -0.956 -1
0.1566273 -1 -1 0.5 0 -1 0.4019 0
0.9339246 -1 0 0.25 -2 1 0.8 1
0.9981846 1 -1 0.5 1 1 0.9114 -1
0.9639687 1 0 0.75 2 1 0.6889 1
0.9756865 1 0 1 2 1 0.5837 1
0.9977988 1 1 0.75 2 1 0.9404 1
0.75129 1 1 0.75 2 1 0.9278 1
0.9795584 1 -1 0.75 0 1 0.965 1
0.03821923 -1 -1 0.25 0 1 0.34 0
0.9771966 1 1 0.75 1 1 0.869 1
0.1000563 0 -1 0.75 0 1 0.3755 1
0.2844602 0 -1 0.75 1 1 0.6671 1
0.9757492 1 -1 1 2 1 0.8126 0
0.1804436 1 -1 0.25 -1 1 0.3368 0
0.9995078 1 -1 0.75 0 1 0.9682 0
0.01753244 0 -1 0.75 -1 1 0.7248 1
0.5 0 -1 0.5 1 1 -0.5216 1
0.00205348 -1 -1 0.25 0 1 0.716 0
0.1075085 -1 -1 0.25 -1 0 0.1326 0
0.8726398 1 -1 0.75 0 1 0.9648 -1
0.991646 1 -1 0.75 -2 1 0.8774 0
0.9981362 0 -1 0.5 -2 1 0.9407 0
0.306339 0 0 0.5 0 1 0 0
0.8875131 1 -1 0.75 0 1 0.7479 1
0.1679465 1 -1 0.75 -1 1 0.8076 -1
0.9938301 1 -1 0.75 1 1 0.979 1
0.07096748 0 -1 0.5 -3 0 -0.5003 0
0.7809634 -1 -1 0.25 -2 0 -0.3111 0
0.1228753 1 0 0.25 1 1 0 -1
0.06305251 -1 -1 0.75 1 -1 -0.4438 0
0.04067459 -1 -1 0.25 0 1 0.6981 -1
0.8462813 1 0 1 2 1 0.7345 1
0.7613587 1 -1 0.5 -1 1 -0.0015 -1
0.9600293 0 -1 0.75 1 0 0.6369 1
0.2273044 1 1 0.75 1 1 0.8842 0
0.9768428 1 -1 1 -1 1 0.9104 1
0.9981402 1 -1 0.75 1 1 0.9356 1
0.5 0 0 0.25 1 0 0 -1
0.03056019 -1 -1 0.25 -2 -1 -0.7624 -1
0.9779783 0 1 0.75 1 1 0.4404 1
0.9795814 -1 -1 0.5 -2 -1 0.6908 1
0.9957972 1 1 0.75 2 1 0.8668 1
0.004432355 -1 -1 0.75 2 1 -0.501 1
0.9832025 1 0 0.75 1 1 0.9483 1
0.9367753 1 1 0.75 1 1 0.6688 1
0.9510757 0 -1 0.5 1 0 0.5473 1
0.001900383 -1 -1 0.25 -2 -1 -0.9595 -1
0.5 0 -1 0.5 0 1 0 0
0.007715434 -1 0 0.25 0 -1 0.25 0
0.8023859 0 1 0.5 1 1 0 1
0.7887196 1 1 0.75 2 1 0.4926 1
0.9065327 1 -1 0.75 -1 1 0.9362 1
0.9265214 1 1 0.75 2 0 0.4753 1
0.7460866 1 1 1 1 1 0.2716 1
0.9536854 1 -1 0.5 2 1 0.807 1
0.5 0 -1 0.25 0 0 0.2617 -1
0.9244863 1 -1 1 2 1 0.4754 1
0.002490825 -1 -1 0.75 0 1 -0.6968 -1
0.8238369 1 0 0.75 1 1 0.8126 0
0.1509826 1 -1 0.25 -1 0 0.3506 0
0.8588731 1 0 0.5 0 1 0.4588 0
0.2664512 -1 -1 0.5 -2 -1 0.3622 1
0.9857147 1 1 0.75 2 1 0.7096 1
0.5 0 -1 0.5 1 1 0 1
0.8557209 0 -1 0.25 -1 0 0.3094 -1
0.98248 1 -1 0.75 2 1 0.9322 0
0.8054961 1 -1 0.75 1 1 0.8748 1
0.9926602 1 1 0.75 2 1 0.9168 1
0.9291661 1 1 0.75 -1 1 0.7906 1
0.107591 -1 -1 0.25 -1 1 0.3195 0
0.998805 1 1 1 2 1 0.9189 1
0.9984982 1 -1 0.75 1 1 0.9633 1
0.2138753 0 -1 0.75 0 0 0.6597 0
0.9358677 1 -1 0.75 3 1 0.9072 1
0.9881884 1 1 0.75 2 1 0.9475 1
0.5 1 -1 0.5 2 1 0.4559 1
0.1684346 0 -1 0.75 1 0 0.3182 1
0.8036259 1 -1 0.75 3 1 0.9312 1
0.905955 1 1 0.75 2 1 0.7783 1
0.9871679 0 1 0.75 2 1 0.6588 1
0.9993478 1 0 0.75 2 1 0.9884 1
0.1612765 -1 -1 0.25 -2 -1 -0.3071 -1
0.9138608 1 0 0.75 1 1 0.6597 1
0.998252 1 -1 0.75 0 1 0.9729 1
0.1074665 1 -1 0.75 3 1 0.9266 1
0.9874902 1 0 0.75 4 1 0.8313 1
0.8957199 -1 -1 0.25 -1 -1 -0.1877 -1
0.1302635 1 1 0.75 1 1 0.7351 1
0.8956795 0 0 0.75 1 1 0.717 1
0.8826465 -1 -1 0.75 1 1 0.5267 0
0.9406784 1 1 0.75 2 1 0.5707 1
0.5 0 -1 0.5 0 0 0 -1
0.9633041 1 1 0.75 2 1 0.7777 1
0.8961089 1 0 0.75 2 1 0.6746 1
0.9864316 1 -1 0.25 1 0 0.9182 1
0.8286405 1 0 0.75 2 1 0.9634 1
0.5 0 0 0.5 0 0 0 0
0.9247785 -1 0 0.25 1 0 0.5754 -1
0.9921403 1 0 0.5 1 1 0.4588 1
0.5 0 -1 0.5 0 0 0 1
0.2455089 -1 -1 0.5 1 -1 0.3244 -1
0.5 -1 1 0.25 1 0 0 0
0.9964523 0 -1 0.75 0 1 0.5423 1
0.1400622 0 -1 0.5 -1 -1 -0.1027 -1
0.9910195 1 -1 0.75 -1 1 0.9363 1
0.9999695 1 1 0.75 3 1 0.9924 1
0.5 1 0 0.75 0 1 0.2732 -1
0.0004711889 -1 -1 0.5 -2 -1 -0.7582 0
0.7640253 1 1 0.25 2 1 0.7777 1
0.5 0 -1 0.5 0 0 0 0
0.9677842 1 1 1 2 1 0.4754 1
0.5 0 0 0.75 1 0 0 0
0.9678101 0 1 1 3 0 0.5093 1
0.7445069 0 0 0.5 1 0 0 -1
0.9210626 1 -1 0.75 -1 1 0.944 1
0.004642958 -1 -1 0.25 -1 -1 -0.9196 1
0.74235 0 0 0.75 0 1 0 -1
0.1050976 0 0 0.5 0 -1 -0.296 0
0.9999819 1 -1 0.75 0 1 0.994 1
0.5 0 0 0.5 0 1 0 0
0.2373645 0 -1 0.75 -3 0 -0.1134 0
0.8898084 1 0 0.75 1 1 0.7424 1
0.8692278 0 -1 0.75 0 -1 0.4019 1
0.8727797 0 0 0.75 1 1 0.765 0
0.973194 1 1 0.75 1 1 0.6597 1
0.9765903 1 -1 0.75 2 1 0.9492 1
0.02230779 0 -1 0.25 0 0 0.2732 0
0.9043205 1 -1 0.75 0 1 0.858 1
0.5 -1 1 0.5 -2 0 -0.2905 1
0.9855352 1 1 0.75 3 1 0.9701 1
0.9638585 0 -1 0.5 0 1 0.9219 1
0.99457 1 1 0.75 3 1 0.9389 1
0.007670802 0 -1 0.25 0 0 0.5423 0
0.9613641 1 -1 0.75 0 1 0.9267 0
0.9913622 1 -1 0.75 2 1 0.9371 0
0.8136575 1 -1 0.75 0 1 0.3919 -1
0.9214152 1 -1 0.75 2 1 0.7783 1
0.06804474 1 -1 0.75 -1 1 0.9457 1
0.9962727 1 1 0.75 1 1 0.9565 1
0.9990914 1 1 0.75 1 1 0.9734 1
0.5 0 0 0.5 0 0 0 0
0.5 1 -1 0.5 1 1 0.0772 1
0.9977379 0 -1 0.75 -2 1 0.9176 1
0.9996506 1 -1 0.75 1 1 0.9523 1
0.8561676 1 -1 0.75 2 1 -0.5873 1
0.9776196 1 1 0.75 1 1 0.9377 1
0.9968919 1 -1 0.25 1 1 0.7543 1
0.02552985 -1 -1 0.25 -1 -1 -0.6868 -1
0.9187838 1 0 1 3 1 0.755 1
0.7951644 0 -1 0.5 0 1 0.4404 0
0.1947493 -1 1 0.25 -2 -1 -0.6514 -1
0.9928137 1 0 0.75 2 1 0.7003 1
0.9808948 1 0 0.75 2 1 0.4939 1
0.6780949 0 0 0.5 1 0 0 0
0.05050832 -1 -1 0.25 0 -1 -0.6276 -1
0.1895788 -1 0 0.5 1 -1 -0.3365 0
0.9765437 1 -1 0.75 1 1 0.933 0
0.8043348 1 0 0.5 0 1 0.8614 1
0.09194262 0 0 1 1 0 0.5994 1
0.1358075 -1 -1 0.25 2 -1 -0.4696 0
0.9834466 1 1 0.75 2 1 0.9944 1
0.8258418 -1 -1 0.75 1 -1 0.9501 1
0.2448936 1 -1 0.75 2 1 0.4939 0
0.8780427 0 -1 0.5 1 1 0.6848 0
0.0358096 1 -1 0.75 1 1 0.7732 1
0.5 0 -1 0.75 0 -1 0.5667 1
0.9874454 0 -1 0.75 2 1 0.8745 1
0.5 1 -1 0.75 0 1 0.2732 -1
0.9823183 1 -1 0.75 1 1 0.8738 0
0.160648 0 -1 0.25 -1 0 0 0
0.8563968 1 0 0.75 0 1 0.2732 1
0.7821662 1 -1 0.75 0 1 -0.3348 1
0.5 1 0 0.75 0 1 0.2732 1
0.9937662 1 1 1 2 1 0.8532 1
0.8559531 0 1 0.75 1 1 0 0
0.05524719 -1 -1 1 -1 -1 0.4466 0
0.8060788 0 1 0.25 0 0 -0.34 -1
0.9766219 1 1 0.75 -1 1 0.7003 1
0.5 0 -1 0.5 1 0 0 0
0.9725566 1 -1 0.75 1 1 0.6597 1
0.9759905 1 1 0.75 2 1 0.784 1
0.1067768 -1 -1 0.5 0 -1 -0.2732 0
0.9752107 1 -1 0.75 1 1 0.9273 1
0.988542 -1 -1 1 0 1 0 0
0.9987947 1 -1 0.75 0 1 0.8636 1
0.8862771 1 -1 1 3 1 0.8977 1
0.288968 0 -1 0.5 1 0 0 0
0.9822021 1 0 0.75 1 1 0.9793 1
0.9829279 1 0 1 3 1 0.9428 1
0.7876303 1 -1 0.75 1 1 0 1
0.9358941 1 1 0.75 2 1 0.5983 1
0.7145344 1 1 0.75 1 1 0.4404 1
0.9683848 1 1 0.5 1 1 0.978 1
0.5 0 -1 0.5 0 0 0 0
0.9826611 1 -1 0.75 0 1 0.9245 1
0.02861157 -1 -1 0.25 -1 -1 -0.0772 -1
1 1 -1 0.75 0 1 0.9993 1
0.04534812 -1 -1 0.25 -4 -1 -0.3682 0
0.9289234 1 1 0.75 1 1 0.5943 1
0.7634205 0 0 0.75 1 1 0.5893 1
0.2208014 -1 0 0.25 -4 -1 -0.6331 -1
0.5 0 0 0.5 0 0 0 0
0.06174126 -1 -1 0.25 -1 -1 -0.4019 -1
0.960989 1 -1 0.75 0 1 0.7902 1
0.04061888 -1 -1 0.75 0 -1 -0.09 -1
0.5 0 -1 0.5 1 0 0 1
0.8419826 0 0 0.75 0 0 0 0
0.1410663 0 -1 0.75 -1 1 0.296 0
0.250574 1 -1 0.75 0 1 0 -1
0.9076406 1 -1 0.75 1 1 0.8225 1
0.08298596 1 -1 0.75 1 1 0.8381 0
0.9569122 1 -1 0.75 1 1 0.9675 1
0.9952042 1 -1 0.75 2 1 0.8456 1
0.9624649 1 -1 1 2 1 0.6548 0
0.2098158 -1 -1 0.75 0 -1 -0.3818 0
0.01112545 -1 -1 0.25 -2 -1 0.3475 1
0.9792599 1 -1 0.75 1 1 0.5859 1
0.0004951322 -1 -1 0.5 1 -1 0.8357 1
0.9886257 1 1 0.75 2 1 0.9335 1
0.1799664 0 -1 0.75 1 0 0.4588 1
0.9999999 1 -1 0.75 0 1 0.9962 1
0.9836557 1 0 0.75 1 1 0.9374 1
0.007068717 -1 -1 0.75 -1 0 0.7503 -1
0.2381224 0 -1 0.5 1 0 0.6369 1
0.5 0 1 0.5 1 0 0 1
1 1 -1 0.75 4 1 0.9841 1
0.7530968 1 1 0.75 3 1 0.4553 1
0.9907986 1 -1 0.75 -1 1 0.9948 1
0.9050162 1 -1 0.75 2 1 0.9202 1
0.5 0 -1 0.5 1 0 0 0
0.9942421 1 0 0.75 1 1 0.946 1
0.1573488 0 0 0.5 0 -1 0.1926 0
0.02830167 -1 -1 0.75 1 -1 0.7781 1
0.9763578 1 -1 0.75 2 1 0.9637 1
0.06493594 0 -1 0.75 -3 0 -0.1759 0
0.5 0 -1 0.5 1 0 0 -1
4.606276e-09 -1 -1 0.25 -1 1 -0.9866 -1
0.01052635 0 0 0.25 -1 0 -0.4404 -1
0.9471642 1 0 0.75 2 1 0.7494 1
0.2213987 1 -1 0.5 1 1 0.6696 0
0.9999786 1 -1 0.75 0 1 0.9977 1
0.9995242 1 1 0.5 1 1 0.9826 1
0.9303026 1 -1 0.75 1 1 0.9326 1
0.9984653 1 0 0.75 1 1 0.8176 1
0.5 1 1 0.5 1 1 0.474 0
0.02743354 -1 -1 0.75 -1 -1 0.6116 -1
0.7637276 0 0 1 1 1 0.7711 1
0.8784911 0 -1 0.75 0 1 0.5789 1
0.5 1 1 0.75 2 1 0.5826 -1
0.5 1 -1 0.5 1 1 0.2905 0
0.9807158 1 -1 0.75 -2 1 0.9608 1
0.9999971 1 1 0.75 -1 1 0.9898 1
0.9752983 1 1 0.75 2 1 0.7783 1
0.5 1 -1 0.75 -2 1 -0.5983 -1
0.8256075 -1 -1 0.25 -2 -1 -0.5123 -1
0.004191372 -1 -1 0.5 0 0 -0.5859 0
0.9062864 1 1 0.75 2 1 0.4939 1
0.8233104 0 -1 0.75 0 0 0.2732 -1
0.9422691 1 -1 0.75 0 1 0.5423 0
0.02649527 -1 -1 0.25 -1 -1 -0.128 -1
0.001320127 -1 -1 0.75 -2 -1 0.959 1
0.954003 1 1 0.75 -1 1 0.8519 1
0.1982557 0 -1 0.75 1 1 0.7184 1
0.8912404 1 -1 0.75 1 1 0.4824 1
0.2020379 0 1 0.25 -1 -1 0.25 -1
0.03188571 -1 -1 0.5 -1 -1 0.4545 0
0.01189031 1 -1 0.75 0 1 0.9795 1
0.06326758 1 -1 0.25 0 0 -0.4565 0
0.9854799 1 0 0.75 2 1 0.9299 1
0.9918926 0 -1 0.75 1 1 0.765 1
0.7768915 1 0 0.75 1 1 0.4404 1
0.5 0 0 0.5 0 0 0 0
0.9544298 0 0 0.75 1 0 0.4588 0
0.7983294 0 1 0.5 1 1 0.4574 1
0.1511734 -1 -1 0.25 0 0 0.8538 -1
0.9159781 1 0 0.75 2 1 0.9321 1
0.997276 1 -1 0.75 1 1 0.9792 1
2.076293e-06 -1 -1 0.75 -2 -1 -0.8616 -1
0.9986892 1 -1 0.75 2 1 0.8687 1
0.5 -1 0 0.25 0 0 0 0
0.9894385 1 -1 0.75 1 1 0.8619 1
0.9149199 0 0 0.5 2 0 0.6705 1
0.8972242 1 -1 0.75 1 1 0.7332 0
0.5 0 -1 0.25 1 0 0 -1
0.9939399 1 -1 0.75 0 1 0.9562 1
0.1846878 1 0 0.75 2 1 0.9158 1
0.1973453 1 -1 0.75 -1 1 0.8706 0
0.9935899 1 1 1 3 1 0.8622 1
0.8137546 1 0 0.5 0 0 0 0
0.1354316 -1 -1 0.25 0 0 -0.4051 0
0.9087808 1 -1 0.75 1 1 0.87 0
0.995724 1 0 1 1 1 0.8658 1
0.999263 1 1 0.75 2 1 0.9661 1
0.1510371 -1 -1 0.5 0 1 -0.128 0
0.2140519 1 1 0.75 2 1 0.8831 1
0.03066498 -1 0 0.75 -3 0 -0.3802 0
0.2469552 -1 -1 0.75 -2 -1 0.5577 0
0.995952 1 0 0.75 2 1 0.9274 1
0.9999555 1 -1 0.75 1 1 0.9897 1
0.5 0 0 0.5 0 0 0 0
0.5 0 -1 0.5 0 0 0.0772 0
0.992994 0 1 0.75 0 1 0.8403 1
0.1440473 0 0 1 -1 0 -0.3506 1
0.04602405 1 -1 0.5 -1 1 -0.7312 0
0.0217606 -1 -1 0.25 -3 -1 -0.5106 -1
0.02035956 -1 -1 0.25 2 -1 0.7959 1
0.928603 1 -1 0.75 0 1 0.0356 -1
0.9733651 1 1 0.75 2 1 0.7575 1
0.9841965 1 -1 0.75 1 1 0.7757 0
0.5 0 0 0 0 0 0 0
0.9845 1 1 0.75 0 1 0.9132 1
0.175239 0 -1 0.5 0 0 0.8107 1
0.9540069 1 0 0.75 1 1 0.4215 1
0.01242003 -1 -1 0.25 1 0 -0.827 -1
0.1158716 1 -1 0.75 1 -1 -0.2462 0
0.8808694 1 1 0.75 -1 1 0.3382 1
0.9641175 0 0 0.5 1 1 0.6908 1
0.7506394 0 -1 0.5 0 0 0.3566 1
0.9819231 1 1 1 2 1 0.7574 1
0.5 0 -1 0.5 0 0 0 1
0.5 0 0 0.5 0 0 0 1
0.005233596 1 -1 0.75 0 -1 0.6673 -1
0.775885 0 1 0 0 1 0.2732 1
0.7441483 1 -1 0.75 -1 1 0.5242 1
0.99772 1 1 0.75 3 1 0.9634 1
0.9233215 1 -1 0.75 -1 1 0.2462 0
0.09336735 -1 -1 0.75 1 1 0.3382 -1
0.01905586 1 1 0.75 2 1 0.8028 0
0.956772 0 1 0 1 0 0.3971 1
0.1045969 0 -1 0.5 -2 -1 0.3956 -1
0.9771321 1 -1 0.75 0 1 0.9027 1
0.0327058 -1 -1 0.25 0 -1 -0.6229 -1
0.8501576 -1 0 0.5 0 -1 -0.4939 -1
0.08398499 1 -1 0.5 1 1 0.8717 0
0.1870824 0 -1 0.5 1 0 0 -1
0.1378022 -1 -1 0.25 0 -1 0.3164 0
0.04152817 -1 0 0.5 -3 -1 -0.7028 -1
0.8383157 1 0 0.5 3 0 -0.4467 0
0.8349198 1 -1 0.75 1 1 0.81 1
0.04123219 0 -1 0.75 2 -1 0.2942 -1
0.08363515 -1 -1 0.5 -1 0 -0.2714 0
0.8354766 1 -1 0.25 1 0 -0.0989 0
0.1379664 1 -1 1 2 1 0.3413 1
0.1345591 1 0 0.75 0 1 0.9299 1
0.2802861 1 0 1 2 1 0.8169 1
0.3127324 0 -1 0.5 1 1 0.296 0
0.1982683 1 -1 0.25 -1 1 0.9112 -1
0.973686 1 -1 0.5 0 1 0.7105 0
0.009120999 -1 0 0.25 -3 -1 -0.7579 -1
0.9445357 1 1 0.75 2 1 0.9561 1
0.9817252 1 -1 0.75 0 1 0.9832 1
0.002881228 0 -1 0.5 0 0 -0.8001 -1
0.5 1 -1 0.75 1 1 0 1
0.9998871 1 -1 0.75 1 1 0.9923 1
0.002710264 -1 -1 0.25 -3 -1 -0.6486 -1
0.01379616 -1 -1 0.5 -1 -1 0.9395 1
0.1503406 1 -1 0.5 -1 1 0.6776 -1
0.8812635 0 0 0.5 0 0 0.0772 0
0.9912656 1 -1 0.75 0 1 0.9926 1
0.5 0 0 0.5 0 0 0 0
0.8276111 0 -1 0.5 -2 1 0.7662 1
0.8355805 0 -1 0.25 2 1 0.2691 1
0.5 0 0 0.5 1 0 0 1
0.9602391 1 0 0.75 3 1 0.936 1
0.9784688 0 -1 0.75 1 1 0.4215 1
0.2697219 1 -1 0.75 1 1 0.2382 1
0.9937909 1 -1 0.75 0 1 0.9552 -1
0.7661003 0 -1 0.75 1 1 0.6486 -1
0.906363 1 -1 0.75 1 1 0.9895 0
0.5 0 0 0.5 0 1 0 0
0.1234206 1 1 0.75 2 1 0.8785 1
0.03783404 0 0 0.25 -2 0 -0.5423 -1
0.8769936 -1 -1 0.75 -2 1 0.4782 -1
0.1547667 1 1 0.75 1 1 0.3612 1
0.001563771 -1 -1 0.25 -2 -1 -0.8568 -1
0.1192476 0 1 0.75 -1 1 0.0582 -1
0.9998941 1 -1 0.75 1 1 0.9912 1
0.1285894 -1 1 0.5 -2 -1 0 -1
0.8914509 1 0 0.75 1 1 0.919 1
0.5 0 0 0.5 1 0 0 1
0.9681747 1 0 0.5 1 1 0.7564 0
0.001011117 -1 -1 0.5 -2 1 -0.6239 -1
0.9116265 1 -1 0.75 -1 1 0.9887 0
0.9934044 1 -1 0.75 2 1 0.9695 0
0.1475177 1 -1 0.25 1 1 0.7135 -1
0.9161204 1 1 0.75 1 1 0.717 1
0.9174342 1 -1 0.75 0 1 0.8862 0
0.2119673 0 -1 0 0 0 0 0
0.7595986 -1 0 0.25 1 1 0.1107 1
0.7598662 0 1 0.5 0 1 0 0
0.03015269 1 -1 0.5 0 1 0.5848 -1
0.8870906 0 -1 0.75 -1 1 0.5859 1
0.961027 1 -1 0.5 -1 1 0.9017 0
0.9974861 1 1 0.75 2 1 0.8834 1
0.02601853 -1 0 0.25 0 -1 -0.8372 0
0.9917513 1 0 0.75 2 1 0.9349 1
0.5 1 1 0.75 0 1 0 1
0.2369793 1 0 0.75 -3 0 0.2006 0
0.9999299 1 -1 0.75 1 1 0.9839 0
0.9991414 1 1 0.75 3 1 0.9883 1
0.5 0 0 0.5 1 0 0 1
0.1109178 1 0 0.75 0 1 0.8159 1
0.1708207 0 -1 0.5 -1 0 0.0772 0
0.7566469 1 -1 0.5 1 1 0.6689 1
0.9287989 0 -1 0.75 -2 1 0.9443 1
0.01994247 0 0 0.25 1 1 0.8022 1
0.9999816 1 -1 0.75 0 1 0.9876 0
0.01517352 0 -1 0.25 0 1 -0.6249 -1
0.0007019307 1 -1 0.5 -1 1 -0.887 -1
0.00800848 -1 0 0.25 -1 -1 -0.3139 -1
0.2026728 1 1 0.25 -1 1 0.658 -1
0.8695812 0 0 0.75 2 -1 0.6249 -1
0.5 1 -1 0.5 0 1 0 -1
0.8473709 1 -1 0.75 -2 1 -0.619 0
0.1804143 0 -1 0.75 0 0 -0.8754 -1
0.06565482 -1 -1 0.25 -2 1 -0.474 -1
0.9363481 -1 -1 0.5 1 -1 0.9721 0
0.2652491 -1 -1 0.5 -1 0 0.4767 -1
0.8423679 0 1 0.75 1 1 0.4389 -1
0.8121934 1 -1 0.75 1 1 0.3736 1
0.8796675 1 -1 0.75 1 1 0.1002 1
0.2132302 -1 -1 0.5 -1 -1 0.1207 -1
0.9964652 0 -1 0.75 0 1 0.9852 1
0.03674311 -1 -1 0.75 -2 -1 -0.7929 1
0.004735812 -1 -1 0.5 -3 -1 -0.8258 -1
0.972455 1 -1 0.75 3 1 0.9269 1
0.8818572 0 0 0.75 1 0 0.3164 0
0.2362081 -1 -1 0.25 -1 -1 -0.4019 0
0.8950497 0 -1 0.5 -2 -1 -0.486 -1
0.5 1 -1 0.75 1 1 0.8034 0
3.5119e-05 -1 -1 0.75 0 -1 -0.854 -1
0.935629 0 -1 0.75 -2 1 -0.3051 -1
0.004081078 1 -1 0.75 0 1 0.6965 0
0.784479 0 -1 0.75 1 0 0.8217 1
0.9911761 1 -1 0.75 1 1 0.9854 0
0.8400591 1 -1 0.75 -1 1 0.4588 1
0.8658527 0 1 0.5 1 1 0.7003 0
0.9969575 1 -1 0.25 1 1 0.8316 1
0.9996533 1 1 0.75 0 1 0.9664 1
0.9992082 1 -1 0.75 1 1 0.9668 -1
0.0001495264 -1 -1 0.75 -3 0 -0.8683 -1
0.7510525 1 -1 0.5 0 1 0.6525 -1
0.7954457 1 -1 0.75 1 1 -0.2392 0
0.8683288 1 -1 0.75 1 1 0.8439 1
0.9954192 1 -1 0.75 0 1 -0.3613 0
0.5 0 0 0.5 0 1 0 0
0.07801697 1 -1 0.75 -1 1 0.8481 0
0.0005210051 -1 -1 0.25 -2 -1 -0.7385 -1
0.006248502 0 -1 0 0 1 -0.6251 -1
0.04247459 -1 -1 0.5 -3 0 -0.465 -1
0.9055518 1 0 0.5 1 1 0.3182 1
0.14581 1 -1 0.5 1 1 0.4184 -1
0.8523128 1 -1 0.75 1 1 0.8126 0
0.9106662 1 -1 0.75 1 1 0.9776 1
0.8774795 1 -1 0.25 -1 1 0.5422 -1
0.5 0 -1 0.5 0 1 0 0
0.1633719 0 -1 0.5 -2 -1 -0.3626 0
0.2303184 0 -1 0.75 1 1 0.7482 -1
0.9498075 1 -1 0.75 2 1 0.8941 1
0.8775228 -1 -1 0.25 1 1 0.7743 -1
0.9482558 1 -1 0.5 3 0 0.9135 0
0.9917596 1 -1 0.75 2 1 0.6808 0
0.06142592 -1 0 0.5 0 0 0.9689 0
0.9982813 1 -1 0.75 -1 1 0.4039 1
0.08080894 1 -1 0.75 2 1 0.8798 1
5.906961e-06 -1 -1 0.25 -2 -1 -0.6518 0
0.1172334 1 -1 0.5 -1 1 -0.3147 -1
0.7815122 1 -1 0.75 2 1 0.7256 1
0.9546602 0 -1 0.75 1 -1 0.4404 0
0.908788 1 -1 0.75 0 1 0.2541 0
0.9548966 0 -1 0.75 1 1 0.7777 1
0.9216745 1 -1 0.5 0 1 0.7212 0
0.992971 1 -1 0.5 0 1 0.4751 -1
0.9382829 1 -1 0.25 1 1 0.6966 1
0.0001353439 -1 -1 0.25 -2 1 -0.5814 -1
0.9299252 1 0 0.75 0 1 0.5267 1
0.5 0 0 0.5 0 0 0 0
0.9637872 1 -1 0.75 2 1 0.9487 1
0.9999995 1 -1 0.75 1 1 0.9974 1
0.2565554 0 -1 0 0 0 0 -1
0.08752604 1 1 0.5 1 1 0.3365 1
0.1002453 1 -1 0.25 -3 0 0.3802 -1
0.5 -1 -1 0.5 -1 0 0 1
0.0146427 0 -1 0.25 0 0 0.296 -1
0.2743089 1 0 0.75 0 1 0.3919 1
0.9452188 1 1 0.75 0 0 0.5994 0
0.9856125 1 -1 0.75 1 1 0.7845 -1
0.9991573 1 0 0.75 1 1 0.925 1
0.04328813 -1 -1 0.75 -1 -1 -0.0772 -1
0.9945533 1 0 0.75 3 1 0.985 1
0.05631396 -1 -1 0.75 1 -1 -0.5255 -1
0.9831908 1 1 1 1 1 0.8151 -1
0.22179 1 -1 0.25 0 1 -0.017 0
0.003480727 0 -1 0.25 0 1 -0.5267 -1
0.0003269396 1 -1 0.5 1 1 -0.2717 -1
0.06949441 -1 0 0.5 -1 0 -0.1531 -1
0.7548727 1 -1 0.5 0 1 0.5035 0
0.09304968 -1 0 0.5 -1 0 0.2617 -1
0.9728535 1 -1 0.5 2 1 0.9501 1
0.5 0 0 0.5 0 0 0 0
0.008212534 -1 -1 0.5 0 0 0.68 -1
0.9904973 1 -1 0.75 -1 1 0.8442 1
0.9291084 0 -1 0.5 -1 -1 0.6846 1
0.2553987 0 -1 0.25 1 1 0.5565 1
0.8042689 0 -1 0.25 -1 1 0.7143 -1
0.8442818 1 0 0.75 1 1 0.9526 0
0.02127719 0 -1 0.75 -1 1 0.9611 0
0.8873662 1 -1 0.75 1 0 0.9217 -1
0.2429153 0 1 0.75 0 0 0.6239 0
0.9999256 1 -1 0.75 0 1 0.962 1
0.001421375 1 -1 0.75 1 1 0.9778 1
0.9763139 1 -1 0.5 2 1 0.9033 1
0.7722029 1 0 0.75 2 1 0.952 1
0.1537903 -1 -1 0.25 0 -1 -0.296 -1
2.268444e-05 0 -1 0.25 -2 -1 -0.7741 -1
0.9941999 1 -1 0.75 2 1 0.9778 -1
0.9927979 1 0 0.75 1 1 0.8885 1
0.9839835 1 -1 0.75 -1 1 0.9536 0
0.9971879 1 0 0.75 2 1 0.9383 1
0.02339699 1 -1 0.75 0 1 0.4176 -1
0.8020116 -1 0 0.25 -1 -1 -0.2263 -1
0.5 -1 1 0.25 1 0 0 1
0.9999996 1 -1 0.75 0 1 0.9977 1
0.0111112 0 -1 0.25 -2 0 -0.3612 -1
0.01678194 -1 -1 0.25 -2 -1 -0.8402 -1
0.920536 1 -1 0.75 1 1 0.6878 -1
0.9539705 0 1 0.75 2 0 0.7568 0
0.002897052 0 -1 0.75 2 1 0.9673 0
0.02087205 -1 -1 0.75 0 -1 0.7227 -1
0.04124714 1 1 1 1 1 0.9622 1
0.9506964 1 -1 0.25 0 1 0.4404 -1
0.7872653 0 -1 0.75 1 1 0.2732 0
0.9908347 1 0 0.75 0 1 0.4939 1
0.3191602 0 0 0.5 0 0 0 0
0.8896806 0 -1 0.25 0 1 0.3182 -1
0.9964028 1 0 0.75 0 1 0.4215 0
0.09893747 0 -1 1 -1 0 0.1134 -1
0.5 1 -1 0.5 1 1 0.3987 1
0.8890502 1 1 0.75 0 1 0.9456 1
0.2348426 0 -1 0.75 -2 1 0.9252 -1
0.8229911 -1 -1 0.25 -1 0 0.5319 0
0.9362115 0 -1 0.75 2 1 0.5983 1
0.5 0 0 0.5 0 0 0 0
0.5 0 1 0.5 0 0 0 1
0.9648223 1 0 0.75 1 1 0.8516 1
0.1418644 1 1 0.75 0 0 0.2747 1
0.1288703 1 -1 0.75 -1 1 -0.0216 -1
0.2205435 1 -1 0.25 0 1 0 -1
0.01571309 -1 -1 0.75 0 -1 -0.5106 0
0.9482993 0 0 0.75 0 1 0.4019 1
0.5 0 1 0.5 1 0 0 1
0.9947428 1 1 0.75 2 1 0.9184 1
0.902513 0 1 0.75 0 1 0.4019 1
0.863058 0 0 0.5 -2 0 0.7346 0
0.2475332 1 1 0.75 0 1 0.9648 0
0.9037447 1 0 0.75 1 1 0.875 1
0.5 0 0 0.5 1 0 0 1
0.02984123 1 -1 0.5 0 0 0.4003 0
0.1108796 0 -1 0.25 0 -1 -0.6246 0
0.03337504 1 -1 0.75 0 -1 -0.7696 1
0.5 1 -1 0.75 0 1 0 -1
0.8203569 0 0 0.75 2 1 0.4754 1
0.96735 1 1 0.75 3 1 0.9279 1
0.5 0 1 0.5 1 0 0 0
0.1910384 0 -1 0.5 0 1 0.4466 -1
0.9696464 1 -1 0.5 1 1 0.6403 1
0.879676 1 -1 0.75 1 1 0.5859 0
0.5 1 -1 0.75 1 1 0 1
0.8499347 1 -1 0.75 2 1 0.7418 0
0.096736 1 -1 0.25 0 1 -0.0516 -1
0.8423721 0 -1 0.5 0 0 0.4215 0
0.5 0 0 0.5 0 0 0 0
0.1213888 -1 -1 0.5 -1 0 0 -1
0.9550977 1 -1 0.75 0 1 0.5994 1
0.9143255 1 0 0.75 1 1 0 1
0.8273129 0 -1 0.75 1 0 0.7823 -1
0.9983196 1 -1 0.5 1 1 0.9482 1
0.7996343 1 -1 1 2 1 0.9118 1
0.8778249 0 -1 0.75 -2 1 0.7461 0
0.2063228 -1 -1 0.5 1 -1 0.6864 -1
0.000153335 -1 -1 0.25 -2 1 -0.9232 -1
0.5 0 0 0.5 0 0 0 1
0.9775641 1 -1 0.5 0 1 0.6249 1
0.09143112 0 -1 0.5 0 1 -0.5512 0
0.831206 1 -1 0.75 1 1 0.4404 1
0.8489198 -1 -1 0.5 1 0 0.5696 0
0.06251186 -1 0 0.25 -1 -1 -0.296 -1
0.9177994 1 -1 0.75 1 1 -0.1451 1
0.8578613 1 -1 0.75 0 1 0.4767 1
0.786911 0 -1 0.75 -2 1 0.5848 0
0.841928 0 -1 0.25 0 1 0.7044 0
0.7854431 1 -1 0.75 1 1 0.5523 1
0.004228466 -1 -1 0.25 -3 -1 -0.6103 -1
0.5 1 -1 0.5 0 1 0 -1
0.96566 1 0 0.75 2 1 0.7263 1
0.5 0 1 0.5 0 0 0 1
0.9997821 1 -1 0.75 2 1 0.9656 1
0.9301129 1 -1 0.75 -1 1 0.9167 1
0.5 0 0 0.5 0 0 0 0
0.07939123 1 -1 0.25 1 1 0.6808 1
0.00317111 -1 -1 0.25 -1 -1 -0.2105 -1
0.5 1 1 0.75 1 1 0 1
0.9218344 1 -1 0.75 1 1 -0.128 0
0.9071161 0 -1 0.75 -2 1 0.8503 1
0.1078358 0 -1 0.75 0 0 0 0
0.111721 0 0 0.5 1 0 0 -1
0.9979665 1 -1 0.75 -1 1 0.994 1
0.1181458 0 -1 0.75 1 1 -0.6566 0
0.8116185 1 -1 0.75 0 1 -0.128 0
0.01118929 -1 -1 0.25 -2 -1 -0.0516 0
1.374746e-05 -1 -1 0.5 -2 1 -0.8676 0
0.1726199 1 -1 0.75 3 1 0.6592 1
0.9784026 0 -1 0.75 1 1 0.4404 1
0.007330158 -1 -1 0.5 -1 0 -0.7295 1
0.8340222 1 -1 0.25 -1 1 0.3707 -1
0.02535693 1 0 0.25 1 1 0.6381 0
0.9491407 1 -1 0.5 -1 1 0.9773 1
0.9974724 1 -1 0.75 -2 1 0.9327 1
0.8706411 0 -1 0.5 -2 1 0.2857 -1
0.9622938 1 -1 0.75 0 1 0.8574 0
0.0267103 -1 -1 0.25 -1 -1 0.3987 -1
0.9259506 1 0 0.75 1 1 0 -1
0.0006464509 -1 -1 0.25 -1 -1 -0.7003 -1
0.01085918 -1 -1 0.25 0 -1 -0.8975 -1
0.9943845 1 -1 0.75 2 1 0.69 1
0.8725331 1 -1 0.75 1 1 0.2263 0
0.5 0 -1 0.25 0 1 0 -1
0.8804646 0 -1 0.75 2 1 0.4404 1
0.005081856 -1 -1 0.75 -2 1 -0.8357 -1
0.8983447 1 -1 0.75 1 1 0.7964 1
0.9899066 1 1 1 1 1 0.6785 0
0.235544 1 1 1 1 1 0.5859 0
0.9338237 0 0 0.75 1 1 0.5736 1
0.5 1 1 0.75 0 1 0.6705 0
0.9825093 1 1 0.75 2 1 0.7562 1
0.5 0 -1 0.25 0 1 0.4019 1
0.79585 -1 -1 0.5 1 1 0.4824 0
0.9836993 1 0 0.5 0 0 0.7942 1
0.752707 -1 -1 0.75 -1 -1 -0.0423 -1
0.806149 -1 -1 0.75 -1 0 0.5547 0
0.968306 1 1 0.75 1 1 0.7717 1
0.5 1 0 0.75 3 1 0 1
0.2398434 -1 -1 0.25 0 -1 -0.4019 -1
0.5 1 -1 0.75 1 1 0.2732 1
0.01746011 0 -1 0.5 1 1 0.5567 0
0.9973071 1 -1 0.75 1 1 0.7522 1
0.9117179 0 0 0.75 1 1 0.4184 1
0.1895463 1 -1 0.75 0 1 0.34 0
0.9943584 1 0 0.75 1 0 0.9595 0
0.8636877 1 -1 0.75 -1 1 0.9275 1
0.8423398 1 1 0.75 0 1 0.7096 -1
0.05912579 -1 -1 0.5 0 0 0.4082 -1
0.9841004 1 -1 0.25 1 1 0.8225 0
0.01966741 1 -1 0.75 0 1 0.6629 1
0.9977532 1 -1 1 3 1 0.9501 1
0.847881 0 -1 0.75 -2 1 0.7035 0
0.9992203 1 -1 0.75 -1 1 0.9746 0
0.03323223 1 -1 1 0 1 0.8515 0
0.5 0 -1 0.5 0 0 0 -1
0.707656 1 -1 0.5 1 1 0.3612 1
0.9258255 1 -1 0.75 -1 1 0 1
0.5 0 0 0.5 1 0 0 -1
0.03535005 -1 -1 0.5 0 1 0.4588 0
0.1468822 0 -1 0.75 0 1 -0.787 0
0.5 0 0 0 0 0 0 -1
0.9812583 1 1 0.75 2 1 0.7845 1
0.123903 -1 -1 0.25 -2 -1 -0.8655 0
0.2034242 0 -1 0.25 -1 0 -0.6342 0
0.5 1 -1 0.75 1 1 0.872 0
0.9183655 1 -1 0.75 2 1 0.6249 1
0.06728918 -1 -1 0 -4 -1 -0.4926 0
0.9887748 1 1 0.75 1 1 0.9694 1
0.155867 1 -1 0.5 0 0 0.6486 0
0.03405248 -1 -1 0.75 0 -1 0.3527 1
0.7534089 0 -1 0.5 -2 1 0.6546 0
0.004297016 0 1 0.75 0 0 0.5242 0
0.9981882 1 -1 0.5 1 1 0.9814 0
0.9268185 1 -1 0.25 0 0 0.0644 0
0.9498579 1 -1 0.75 1 1 0.7484 0
0.1248612 0 0 0.75 2 1 0.4404 -1
0.9752227 1 1 1 2 1 0.6249 1
0.9157052 1 0 0.75 0 1 0.9161 0
0.5 -1 0 0.5 1 0 0 0
0.98885 1 1 0.75 2 1 0.8104 1
0.9492604 0 1 0.75 1 1 0.4404 1
0.9759374 0 -1 1 1 1 0.4926 1
0.06926867 0 -1 0.5 0 1 0.5719 -1
0.001801711 -1 0 0.25 -3 -1 -0.8471 -1
0.9781474 0 -1 0.75 1 1 0.6557 1
0.02692445 0 0 0.75 1 1 0.7845 0
0.9999484 1 -1 0.75 -1 1 0.985 1
0.06488979 1 -1 0.25 0 1 -0.3487 0
0.8868224 1 -1 0.25 0 1 0.5106 0
0.5 1 0 0.5 0 1 0 0
0.2676146 1 -1 0.5 1 1 0.3612 -1
0.5 1 0 0.75 1 1 0 1
0.04336929 1 -1 0.5 2 1 0.4012 1
0.7702512 1 -1 0.75 0 1 0.25 0
0.08950602 -1 -1 0.25 -1 0 -0.2263 0
0.5 0 0 0.5 0 0 0 0
0.8961823 0 -1 0.75 1 1 0.4404 1
0.04044121 0 -1 0.5 0 0 -0.3818 -1
0.9997712 1 0 0.75 2 1 0.969 1
0.9995233 1 1 1 2 1 0.8658 1
0.5 0 -1 0.25 -1 0 0 -1
0.8946283 1 -1 0.75 1 1 0.6249 1
0.9974577 1 0 0.75 1 1 0.9169 0
0.07689995 0 -1 0.25 -2 -1 -0.5983 -1
0.9702151 0 -1 0.75 1 1 0.7121 1
0.9985631 1 -1 0.75 -1 1 0.9857 1
0.8308195 1 -1 0.75 -1 1 0.8481 0
0.9190273 -1 -1 0.5 -2 -1 0.5204 -1
0.007939083 1 -1 0.5 1 1 0.9227 0
0.997676 1 -1 0.75 3 1 0.9751 1
0.8152295 0 -1 0.5 -1 0 0 1
0.9810958 0 -1 0.75 1 1 0.9337 0
0.09343372 0 -1 0.75 0 0 0.6636 1
0.7691292 0 -1 0.5 -1 -1 -0.4404 0
0.5 0 0 0.5 0 0 0 0
0.9777447 1 -1 0.75 1 1 0.9433 1
0.5 0 0 0.5 1 0 0 -1
0.1359355 0 -1 0.5 0 0 0 -1
0.7590516 0 -1 0.25 3 1 0.901 1
0.5 0 0 0.25 -1 -1 0 -1
0.01389714 -1 -1 0.25 -2 -1 -0.1511 -1
0.1091602 0 -1 1 -1 0 0.4767 0
0.0511006 -1 0 0.25 -2 -1 0.4015 -1
0.8908509 1 1 0.25 1 1 0.7579 0
0.5 0 1 0.5 1 0 0 1
0.9638336 1 -1 0.75 0 1 0.6908 1
0.9905784 1 1 0.75 2 1 0.9081 1
0.9996622 1 1 0.75 3 1 0.9768 1
0.1318669 1 -1 0.25 0 1 0.6432 -1
0.5 1 -1 0.5 -1 1 0.8457 1
0.3083002 1 -1 0.5 -1 1 -0.3412 0
0.07305824 1 -1 0.5 1 1 0 -1
0.5 0 -1 0.25 1 -1 0 0
0.7936358 0 -1 0.25 0 1 0.1759 0
0.9378638 0 0 1 2 0 0.5684 0
0.5 0 0 0.5 0 0 0 0
0.9071892 1 -1 0.75 2 1 0.9441 0
0.9781982 0 -1 0.75 2 1 0.6997 0
0.7653067 -1 -1 0.5 -1 -1 0.7747 0
0.04100322 -1 -1 0.25 -1 -1 -0.5106 -1
0.9922702 1 0 0.75 0 1 0.7096 1
0.931157 0 -1 0.75 -1 1 -0.1759 0
0.8628355 1 1 0.75 2 1 0.5399 1
0.5 0 -1 0.5 0 0 0 0
0.5 0 -1 0.25 0 0 0 0
0.8429979 1 0 0.75 -1 1 0.4199 0
0.5 0 0 0.5 0 0 0 1
0.01099794 1 -1 0.5 1 1 0.7543 0
0.8007531 0 0 0.5 0 1 0.4404 1
0.9707097 1 -1 0.75 1 1 0.9773 1
0.2981922 -1 -1 0.5 -1 -1 -0.3939 1
0.8816399 0 -1 0.75 0 1 0.3597 -1
0.5 0 0 0.5 0 -1 0 0
0.7659188 1 -1 0.5 1 0 0.7906 0
0.7954071 0 -1 0.5 1 1 0.3612 -1
0.9894351 1 1 0.75 2 1 0.6114 1
0.999475 1 -1 0.75 3 1 0.9729 1
0.9495141 1 0 0.75 1 1 0.8591 1
0.1907339 0 0 0.75 1 0 0.0258 0
0.1363589 1 -1 0.75 0 1 -0.296 1
0.1743331 1 -1 0.75 0 1 0.9534 1
0.9999694 1 0 0.75 3 1 0.9725 1
0.9036509 1 0 1 2 1 0.4767 1
0.2191614 0 -1 0.25 0 1 0.128 0
0.695411 0 -1 0.25 0 0 0 -1
0.1528517 -1 -1 0.75 -1 -1 -0.1999 0
0.846956 -1 -1 0.75 1 0 0.4939 0
0.2308769 0 -1 0.75 -1 1 0.7579 0
0.04343816 -1 -1 0.25 -1 -1 -0.2023 0
0.9962105 1 0 0.75 2 1 0.9652 1
0.8327334 1 0 0.75 -2 1 0.883 0
0.09890658 -1 -1 0.25 1 -1 -0.1598 0
0.8711526 1 -1 0.75 2 1 0.8996 0
0.7636514 1 0 0.5 0 1 0.128 0
0.01934844 1 -1 0.75 -1 1 -0.8955 1
0.1861797 -1 -1 0.25 -2 -1 0.7006 0
0.5 -1 0 1 1 -1 0 1
0.7955934 1 -1 0.5 -1 1 -0.7281 0
0.7839385 0 0 0.5 0 0 0 0
0.07557546 1 -1 0.75 -2 1 0.6757 0
0.9551707 -1 -1 0.75 -3 0 0.9533 1
0.5 0 0 0.5 0 0 0 0
0.772535 1 -1 0.75 0 1 0.7282 1
0.8090801 1 -1 0.75 1 1 0.8289 1
0.1149618 0 -1 0.25 0 1 -0.1484 0
0.9807489 1 -1 0.75 2 1 0.9524 1
0.7790446 1 -1 0.75 0 1 0.8472 0
0.9307286 1 -1 0.75 2 1 0.7717 0
0.9274303 0 0 0.5 1 0 0.4215 1
0.906146 1 0 0.75 2 1 0.9799 0
0.0849731 1 -1 0.5 0 1 0.6808 0
0.5 -1 -1 0.25 -2 -1 -0.3612 -1
0.996308 1 1 0.75 2 1 0.4926 1
0.0155607 -1 -1 0.5 -1 -1 -0.5129 -1
0.9748219 1 -1 0.75 2 1 0.872 1
0.981223 0 1 0.5 -1 0 0.8953 0
0.9761317 1 0 1 1 1 0.7263 1
0.2700688 0 -1 0.5 -1 0 0.5267 0
0.857171 1 -1 0.75 1 1 0.3612 1
0.858216 1 0 0.75 0 1 0 0
0.966004 1 -1 0.75 1 1 0.765 1
0.1437249 0 0 0.75 0 0 0.7568 0
0.8505658 1 0 0.5 0 1 0.2732 1
0.9392623 1 1 0.75 2 1 0.6671 1
0.1750937 -1 -1 0.75 1 0 0.4215 0
0.9812841 1 -1 0.75 1 1 0.8655 0
0.9880101 1 -1 0.75 -1 1 0.9493 1
0.03864168 1 -1 0.75 1 1 0.934 0
0.890763 1 -1 0.75 2 1 0.6879 1
0.000324415 -1 -1 0.5 0 1 0.4561 -1
0.05395793 -1 -1 0.5 2 1 -0.5696 0
0.7847179 0 -1 0.75 2 1 0.5848 1
0.9981551 1 -1 0.75 -2 1 0.9832 1
0.980376 1 1 0.25 2 1 0.8519 1
0.2047245 1 -1 0.75 -1 1 0.9109 1
0.156162 0 -1 1 0 1 0.8459 0
0.1209649 -1 -1 0.25 -2 -1 -0.5859 0
0.008998067 1 -1 0.75 0 1 0.8931 0
0.756143 0 1 0.75 2 1 0.4404 1
0.06898011 0 0 0.75 1 1 0.8957 0
0.2783848 0 -1 0.5 0 0 0 -1
0.9983931 1 1 1 1 1 0.8074 1
0.2174627 -1 -1 0.75 1 1 0.9039 1
0.1374665 1 1 0.75 0 1 0.7846 0
0.0007870337 -1 -1 0.25 -2 -1 -0.8777 -1
0.09899674 1 0 0.75 -1 1 0.4404 -1
0.966333 1 -1 0.75 -2 1 0.9315 0
0.5 0 0 0.5 0 0 0 0
0.7671336 0 -1 0.5 1 -1 0.4184 0
0.9413849 0 -1 0.5 1 1 0.7845 -1
0.1908431 0 -1 0.25 0 0 0.2598 0
0.0511913 -1 -1 0.25 1 -1 -0.6059 -1
0.03817371 0 -1 0.25 1 -1 -0.636 -1
0.5 0 0 0.5 0 0 0 0
0.5 0 0 0.5 0 0 0 0
0.1962283 0 -1 0.25 0 0 -0.2732 1
0.5 -1 0 0.25 0 -1 0 -1
0.3044592 0 0 0.5 0 0 0 0
0.5 0 -1 0.75 0 0 0 1
0.5 0 -1 0.75 0 1 -0.296 -1
0.0250212 1 0 0.25 -1 1 -0.91 0
0.9455741 1 1 0.75 1 1 0.4404 1
0.9933771 1 -1 0.75 0 0 -0.3291 0
0.7970366 0 -1 0.75 1 1 0.7326 1
0.9898111 1 -1 0.5 2 1 0.8984 1
0.994942 1 -1 0.5 0 1 0.3527 1
0.963928 1 1 0.75 1 1 0.4215 1
0.0174029 0 -1 0.25 -1 1 -0.2732 -1
0.8750921 0 1 0.75 0 0 0.4767 -1
0.5 0 -1 0.5 0 1 0.4019 1
0.8251099 1 0 0.75 1 1 0.1901 0
0.9786461 0 -1 0.75 0 0 0.6764 0
0.9817651 1 -1 0.75 2 0 0.9334 1
0.06825379 0 -1 0.75 0 1 0.5994 -1
0.8546471 0 1 0.75 1 1 0.6908 1
0.0092708 1 -1 0.75 1 1 0.8924 1
0.2953327 -1 -1 0.75 -1 1 -0.1154 0
0.1215275 1 -1 0.75 0 0 -0.2029 -1
0.9866675 1 -1 0.75 1 1 0.9812 1
0.896018 1 -1 0.75 1 1 0.9452 0
0.1198045 1 -1 0.5 -1 1 0.985 1
0.9645856 1 1 1 2 1 0.872 1
0.06681861 -1 -1 0.5 3 -1 -0.1896 0
0.003842913 0 -1 0.25 0 0 -0.3818 1
0.7949427 1 -1 0.75 0 1 0.9759 1
0.8981926 1 1 0.75 2 1 0.9653 1
0.9917228 1 -1 0.75 1 1 0.8512 1
0.6937442 1 0 0.5 1 1 0.2244 0
0.5 0 1 0.5 0 0 -0.296 -1
0.9883077 1 1 1 2 1 0.8655 1
0.1176874 1 -1 0.75 0 1 0.6012 0
0.2458621 -1 1 0.75 0 0 0.9125 1
0.9689711 1 -1 0.75 1 1 0.7871 0
0.9990839 1 1 0.75 2 1 0.8832 1
0.9999313 1 -1 0.75 -1 1 0.9723 0
0.08590799 1 -1 0.75 1 1 0.946 0
0.00185176 1 -1 0.75 0 1 -0.3472 0
0.2139713 0 0 0.5 0 0 0 1
0.0204367 -1 -1 0.5 0 -1 -0.8179 0
0.9608714 0 0 0.75 2 0 0.4588 1
0.002985995 -1 0 0.25 -1 -1 -0.5915 -1
0.5 0 0 0.5 0 0 0 0
0.896207 0 -1 0.75 -2 0 0.6083 0
0.8814661 0 -1 0.5 -1 0 0.5423 0
0.7533026 1 -1 0.75 1 1 0.4389 -1
0.01375579 -1 0 0.75 -2 0 -0.0981 -1
0.9428841 0 0 0.75 1 0 0.3182 0
0.04869032 -1 -1 0.75 -1 1 -0.6808 1
0.1070943 1 -1 0.25 0 1 0.5859 0
0.1406735 0 -1 0.75 -3 0 -0.946 -1
0.7774281 1 -1 0.75 1 1 0.7563 1
0.5 1 -1 0.75 2 1 0.3365 0
0.9896049 1 0 0.75 0 1 0.8176 1
0.8352754 1 -1 0.75 1 1 0.9655 1
0.8892212 0 1 0.75 2 1 0.5562 0
0.9952168 1 1 0.75 2 1 0.8832 0
0.9175408 1 0 0.75 -1 1 0.877 0
0.05954356 0 -1 0.75 2 1 0.9336 0
0.8723223 1 1 0.75 1 1 0.4215 1
0.004908668 1 -1 0.25 -1 1 0.1779 -1
0.9025809 0 -1 0 0 1 0.4019 -1
0.5 0 0 0.5 1 0 0 1
0.9857769 0 0 0.75 1 1 0.4404 1
1.302335e-05 -1 -1 0.25 -1 -1 -0.8101 0
0.8892919 1 -1 0.5 0 1 0.5859 1
0.9709274 1 0 0.75 1 1 0.6124 1
0.0005605247 1 -1 0.25 0 0 -0.6889 0
0.9854258 1 0 0.5 2 1 0.8172 1
0.9989208 1 -1 0.75 1 1 0.949 1
0.8619596 1 0 0.75 2 1 0.7096 -1
0.8321408 -1 -1 0.75 0 -1 0 1
0.9997279 1 0 0.75 3 1 0.94 1
0.2073102 0 -1 0.75 -1 0 0.2023 0
0.8015689 1 1 0.75 1 1 0.4404 1
0.9999972 1 -1 0.75 0 1 0.9935 1
0.1599266 1 -1 0.75 -1 1 0 -1
0.9962582 1 1 0.75 3 1 0.8655 1
0.9912004 1 -1 0.75 1 1 0.705 0