0.7341753 0 0 0.5 1 -1 -0.3612 0
1.833403e-05 -1 -1 0.75 0 -1 -0.9761 -1
0.1909302 0 -1 0.5 1 0 0.4215 1
0.3036738 1 -1 0.5 1 1 0.3612 0
0.987567 1 0 0.75 1 1 0.743 1
0.9463586 -1 -1 0.75 1 -1 0.5362 1
0.8777082 0 0 0.75 0 0 0 0
0.9496879 1 -1 1 1 1 0.6249 1
0.8868419 1 1 0.25 1 1 0.7574 1
0.7694373 0 -1 0.75 1 1 0.4939 -1
0.7693433 0 -1 0.75 2 0 0.5696 1
0.1716727 1 -1 1 1 1 0.453 1
0.8729449 1 0 1 2 1 0.7964 1
0.1547214 -1 -1 0 1 -1 -0.4738 -1
0.8819543 1 -1 0.5 1 1 0.7021 1
0.03476197 -1 -1 0.75 1 1 -0.4986 1
0.6989542 0 -1 0.5 1 0 0 1
0.9997406 1 1 0.75 3 1 0.9749 1
0.2356568 0 0 0.5 1 -1 -0.296 1
0.006301595 -1 -1 0.25 -1 -1 -0.857 -1
0.8529914 1 1 1 1 1 0.6124 1
0.5 0 0 0.5 1 0 0 0
0.9546335 1 -1 1 1 1 0.6696 1
0.983553 1 1 0.75 3 1 0.913 1
0.2319982 -1 0 0.5 0 -1 0.5267 0
0.5 0 0 0.5 2 1 0 1
0.9739169 1 0 0.75 1 1 0.6597 1
0.5 0 -1 0.5 2 1 0 1
0.946503 0 1 0 -1 1 0.6114 1
0.5 0 0 0.5 0 0 0 -1
0.9589265 1 0 0.75 2 1 0.4199 1
0.09671442 -1 -1 0.25 -3 -1 -0.8057 -1
0.5 0 -1 0.5 0 1 0 0
0.03304587 -1 1 0.5 0 -1 0.565 1
0.9924496 1 1 0.5 0 1 0.8854 1
0.5 0 0 0.25 0 0 0 1
0.5 0 0 0.5 1 0 0.0772 1
0.9992045 1 1 1 3 1 0.9483 1
0.2451157 -1 -1 0 0 -1 -0.6808 1
0.9917631 1 1 0.75 3 1 0.8996 1
0.5 0 0 0.5 0 0 0 0
0.2099262 1 -1 1 3 1 0.7352 1
0.9901454 0 0 0.5 0 0 0.5859 1
0.1493757 -1 0 0 -1 -1 -0.2023 0
0.5 0 0 0.75 1 0 0.4588 1
0.8877219 0 -1 0.5 2 1 0.5994 1
0.03269238 1 -1 0.25 0 1 -0.705 -1
0.5 0 0 0.5 1 1 0 -1
0.5 0 -1 0 1 -1 -0.5848 -1
0.1736884 0 0 0.5 0 0 0 1
0.215549 0 -1 0.75 1 -1 0 1
0.8158112 0 0 0.5 1 1 0 1
0.5 1 0 1 2 1 0.6369 1
0.9923471 1 0 0.25 3 1 0.7901 1
0.9721146 0 1 0.75 1 1 0.4939 1
0.7453882 1 -1 0.75 1 1 0.2732 1
0.857202 0 -1 0.25 1 1 0.7123 1
0.8613368 0 -1 0.5 1 0 0.4912 1
0.2431809 0 -1 0.75 2 0 0 1
0.9860348 1 1 0.75 3 1 0.9296 1
0.5 0 0 0.25 0 -1 -0.2263 -1
0.9991531 1 -1 1 2 1 0.915 1
0.8177812 1 1 1 2 1 0.6369 1
0.9866071 1 -1 0.75 2 1 0.8324 1
0.8703215 0 0 0.75 1 0 0.4588 1
0.9856067 1 0 0.75 1 1 0.8057 1
0.1190357 -1 -1 0.25 -4 -1 -0.3595 -1
0.01542273 0 0 0.5 0 0 0.7951 -1
0.5 0 0 0.5 1 0 0 1
0.8837574 -1 1 0.5 1 0 0.4404 1
0.5 1 0 1 1 1 0.5411 0
0.9826726 1 1 0.75 3 1 0.8388 1
0.8554524 0 1 0.5 1 1 0.3182 -1
0.7240077 0 -1 0.5 1 0 0 1
0.1593459 -1 -1 0.25 0 0 -0.3365 1
0.9623726 1 0 0.75 0 1 0.6784 1
0.00568893 1 1 0.25 -2 1 -0.5399 -1
0.8224647 -1 -1 0.75 1 -1 0.8162 1
0.01508164 -1 -1 0.25 -1 -1 -0.4215 -1
0.5 0 0 0.5 2 0 0 1
0.1513083 0 -1 0.5 1 -1 -0.3535 1
0.9657774 1 1 1 1 1 0.5719 1
0.9897418 0 -1 0.5 0 0 0.5423 0
0.8945767 1 0 0.75 3 1 0.8031 0
0.9998865 1 1 0.75 2 1 0.9468 1
0.5 0 -1 0.5 1 0 -0.3736 1
0.5 0 -1 0.5 1 0 -0.296 1
0.9339218 1 0 0.75 2 1 0.6369 1
0.5 0 -1 0.5 0 0 0 1
0.9567979 1 1 1 2 1 0.6114 1
0.5 -1 0 0.5 0 -1 0 0
0.9892625 1 -1 0.75 3 1 0.6416 1
0.9787916 1 -1 0.75 1 1 -0.2905 1
0.9288038 1 0 0.75 1 1 0.802 0
0.9607606 0 -1 0.5 1 0 0.5171 0
0.9657774 1 1 1 2 1 0.6114 1
0.9445814 0 -1 0.25 1 1 0.4404 1
0.5 0 0 0.5 1 0 0 0
0.09968901 1 0 0.75 0 1 0.2617 0
0.9245836 0 -1 0.25 -1 0 0.5994 1
0.9988904 1 -1 0.75 2 1 0.7959 1
0.8993106 0 -1 0.5 1 0 0.4939 1
0.8284711 -1 1 0.75 0 0 -0.5902 1
0.9635729 1 1 0.75 3 1 0.8614 1
0.5 1 0 0.5 1 1 0.3612 1
0.7456347 -1 -1 0.5 0 -1 0 1
0.9657774 1 1 1 1 1 0.5719 1
0.04301005 -1 0 0 -2 -1 -0.5423 -1
0.8982917 0 -1 0.5 -1 1 0 1
0.2921531 0 -1 0.5 0 0 0 1
0.5 0 0 0.5 0 0 0 0
0.9670215 1 1 0.25 1 1 0.5661 1
0.9670464 -1 -1 0.5 -2 0 0.8482 0
0.7503132 0 -1 0.5 1 0 0 1
0.1121457 1 0 0.75 1 1 0.5719 -1
0.2028393 -1 -1 0.75 0 -1 0.4767 0
0.1044709 1 -1 0.75 1 1 0.5086 1
0.9988338 1 1 0.75 1 1 0.9022 1
0.7945032 1 1 1 3 1 0.7955 1
0.8673286 1 -1 0.75 1 1 0.8992 1
0.06536688 -1 -1 0.5 -1 -1 0.1911 -1
0.01118238 0 0 0.25 1 -1 -0.4374 0
0.985927 0 1 0.75 1 0 0.7582 1
0.9934576 1 -1 1 3 1 0.7991 1
0.9944461 1 1 0.75 3 1 0.9636 1
0.9974403 1 1 0.75 2 1 0.7845 1
0.2398481 -1 -1 0.5 0 -1 0 -1
0.9793853 1 0 0.75 2 1 0.5775 1
0.9846712 0 0 0.75 1 1 0.4404 1
0.9969946 0 1 0.75 1 1 0.7096 1
0.5 -1 -1 0.25 1 -1 0 -1
0.8652035 1 1 0.25 1 1 0.3169 1
0.5 0 -1 0.5 0 0 0 1
0.2388494 -1 -1 0.75 -1 1 -0.0516 1
0.5 1 -1 0.75 0 1 0.7622 1
0.9960631 1 1 0.75 2 1 0.7177 1
0.7680494 1 0 0.75 1 1 0.6908 1
0.9589434 1 1 0.75 1 1 0.5106 1
0.996342 1 -1 0.75 0 1 0.873 1
0.999931 1 1 0.75 2 1 0.9761 1
0.7338785 0 -1 0.5 2 1 0 1
0.2955478 1 -1 1 2 1 0.81 1
0.5 0 0 0.5 1 0 0 0
0.993908 1 1 0.75 3 1 0.9611 1
0.9083392 1 -1 0.75 1 1 0.5423 1
0.9657774 1 1 1 2 1 0.6114 1
0.8206332 0 0 0.25 3 1 0.5411 1
0.5 0 0 0.5 0 0 0 0
0.8538175 1 -1 0.75 2 1 0.8298 1
0.9405649 1 0 1 2 1 0.7067 1
0.7635833 1 0 1 2 1 0 1
0.9965108 1 1 1 3 1 0.9374 1
0.2026738 0 -1 0.75 2 1 0.6486 1
0.3004563 0 0 0.5 2 0 0 1
0.001889937 -1 -1 0.5 1 -1 -0.1625 0
0.9874454 0 1 0.75 2 1 0.4926 1
0.9099022 1 0 0.75 1 1 0.893 1
0.949731 0 -1 0.75 1 1 0.8856 1
0.9008868 0 -1 1 1 -1 0.4215 1
0.5 1 -1 1 2 1 0.6369 1
0.7955587 0 1 0.5 1 0 0.8264 1
0.7682898 1 0 0.75 2 1 0.5962 1
0.5 -1 0 0.25 -1 -1 -0.4404 -1
0.9884058 1 -1 0.75 3 1 0.9861 1
0.9999792 1 -1 0.75 2 1 0.9876 1
0.9538587 1 1 1 1 1 0.7067 1
0.9166978 1 0 0.75 2 1 0.8782 1
0.9800472 0 -1 0.75 0 1 0.9134 1
0.5 0 -1 0.5 0 0 0 0
0.02844799 1 -1 0.5 1 1 0.931 -1
0.9309973 1 0 1 3 1 0.8181 1
0.09440364 -1 0 0.75 1 -1 -0.34 1
0.5 0 -1 0.5 1 0 0 0
0.5 0 -1 0.5 1 0 0 1
0.9481178 1 1 0.75 -2 1 0.1969 1
0.9956474 1 1 0.75 3 1 0.855 1
0.9884669 1 0 0.75 2 1 0.875 1
0.03385522 0 0 0.5 0 0 -0.1027 0
0.0003002598 0 0 0.75 0 1 0.4137 -1
0.03394074 -1 -1 0 -1 -1 -0.4767 0
0.5 0 1 0.5 0 0 0 -1
0.7612041 0 -1 0.5 1 0 0 1
0.004177336 -1 -1 0 0 -1 -0.7256 1
0.9435178 1 1 0.75 2 1 0.7345 1
0.9998095 1 1 1 1 1 0.7845 1
0.2033631 0 -1 0.75 1 1 -0.34 0
0.9985214 1 -1 0.75 1 1 0.8776 1
0.0216152 -1 -1 0 -3 -1 0 -1
0.9608682 1 0 0.75 2 1 0.7003 1
0.5 0 1 0.5 3 0 0.636 1
0.9900707 1 -1 0.75 2 1 0.9227 1
0.873678 1 -1 0.5 1 0 -0.372 1
0.8925531 0 -1 0.25 1 1 -0.5197 -1
0.909755 -1 0 0.25 1 -1 0 0
0.8792665 1 0 1 3 1 0.7482 1
0.7900074 1 -1 0.75 0 1 0.8471 0
0.0073618 -1 -1 0.25 -4 -1 -0.8122 -1
0.9775115 0 1 0.75 1 1 0.7579 1
0.9796494 1 1 0.75 1 1 0.5106 -1
0.8302709 0 -1 0.75 1 1 0.4588 1
0.1823545 1 -1 0.25 1 -1 0.7424 -1
0.1366543 1 0 0.5 1 1 0.3384 0
0.98263 1 1 1 2 1 0.7717 1
0.8257439 0 0 1 -1 0 0.4359 1
0.9996998 1 -1 0.75 2 1 0.9686 1
0.5 0 -1 0.5 1 0 0 0
0.7498933 -1 -1 0.25 0 -1 0.5013 0
0.07023959 -1 -1 0 -2 -1 -0.837 -1
0.1828231 -1 -1 0.75 -1 -1 -0.6808 -1
0.5 1 0 0.5 1 1 0 1
0.9950913 1 1 0.5 -1 0 0.2406 1
0.745301 1 1 0.75 1 1 0 1
0.9984988 1 -1 0.75 2 1 0.9327 1
0.8032945 0 0 0.5 0 1 0.2577 -1
0.7605493 0 0 0.5 2 1 0 1
0.5 1 -1 0.75 1 1 0.3612 -1
0.5 0 -1 0 0 -1 -0.5994 -1
0.9999433 1 0 1 2 1 0.9758 1
0.07527415 -1 -1 0.25 0 1 0.25 0
0.5 0 0 0.5 2 0 0 1
0.8859083 -1 -1 0.25 0 0 0.296 1
0.946712 1 0 0.75 2 1 0.5216 0
0.918566 1 0 0.75 1 1 0.5083 0
0.7840406 -1 -1 0.25 2 -1 0.7352 1
0.8044728 1 -1 0.75 0 1 0.5622 0
0.8340713 1 1 1 3 1 0.5994 1
0.04023412 -1 0 0.25 -1 -1 -0.2462 0
0.7921281 0 0 0.5 1 0 0.5244 0
0.9842624 0 -1 0.5 0 1 0.5267 1
0.02037284 -1 -1 0.5 -2 -1 0.0433 -1
0.8269881 -1 -1 0 -1 -1 -0.5267 0
0.8907497 1 0 0.5 -1 0 -0.128 0
0.002046016 -1 -1 0 -1 -1 -0.8472 -1
0.5 0 -1 0.5 1 -1 0 -1
0.9748397 1 1 1 2 1 0.854 1
0.5 0 0 0.5 1 0 0 1
0.9741814 0 1 0.75 1 1 0.6166 1
0.9657774 1 1 1 2 1 0.6114 1
0.21289 1 -1 0.5 1 1 0.6382 1
0.8706105 0 -1 0.75 1 0 0.2714 1
0.7780224 1 1 0.5 0 1 0.3182 1
0.5 0 -1 0.5 0 0 0 0
0.5 0 0 0.5 0 0 0 0
0.5 1 0 0.5 0 1 -0.7399 0
0.9459912 -1 -1 0.5 -1 -1 0.0258 0
0.5 0 0 0.5 1 0 0 0
0.5 0 0 0.5 0 0 0 0
0.5 0 0 0.25 0 -1 0 0
0.9983593 1 0 1 2 1 0.802 1
0.5 0 -1 0.5 1 0 0 1
0.984139 0 0 0.75 2 1 0.7004 1
0.9962108 1 -1 1 3 1 0.9733 1
0.9335813 1 -1 1 2 1 0.765 1
0.8274444 1 -1 0.5 0 0 0 -1
0.9934307 1 0 0.75 1 1 0.765 0
0.816368 1 -1 1 2 1 0.894 1
0.8493551 1 1 1 3 1 0.8268 1
0.9751175 1 0 0.25 1 1 0.6956 1
0.5 -1 -1 0.5 0 -1 0 0
0.8912846 1 0 0.75 1 1 0.7096 1
0.7575113 0 -1 0.75 2 0 0 1
0.9468253 0 -1 0.75 1 0 0.7269 1
0.0009010385 0 -1 0.25 1 -1 -0.2263 1
0.5 0 0 0.5 1 0 0 0
0.9862519 -1 -1 0.25 1 1 0.6124 0
0.7570989 1 0 1 2 1 0.7188 1
0.8222635 0 0 0.75 1 -1 0.4767 1
0.8744194 0 0 0.5 1 1 0.6535 1
0.001528216 0 -1 0.75 0 1 -0.9017 0
0.9923505 1 1 0.75 1 1 0.7003 1
0.9670501 1 0 1 3 1 0.7586 1
0.9598898 1 -1 0.5 1 1 0.7676 -1
0.9783165 1 0 1 1 1 0.9819 1
0.5 0 0 0.5 1 0 0 0
0.803813 1 1 0.75 2 1 0.6209 1
0.1911337 -1 -1 0.5 -1 -1 0.6123 1
0.7481462 0 0 0.75 1 0 0 1
0.9350919 1 1 0.5 3 1 0.6309 1
0.8148999 0 -1 0.75 2 1 0.6973 1
0.7809279 0 1 0.5 2 1 0 1
0.9856169 1 -1 1 2 1 0.7003 1
0.7984744 -1 0 0.25 0 -1 0.4215 0
0.5 0 -1 0.5 1 0 0 1
0.9987138 0 1 0.75 2 1 0.745 1
0.7596447 0 1 0.75 2 0 0.5549 1
0.9389612 0 1 0.75 2 1 0.5983 1
0.9715058 1 1 1 2 1 0.7096 1
0.9475691 1 1 1 2 1 0.7163 1
0.9805952 1 -1 0.5 1 1 0.6553 1
0.5 0 0 0.75 2 0 0 1
0.5 0 0 0.5 1 -1 0.4724 1
0.9901889 1 1 0.75 1 1 0.7003 1
0.7725213 0 -1 0.25 1 -1 -0.3491 1
0.02944354 0 -1 0 -1 -1 0 -1
0.9693566 1 -1 1 3 1 0.875 1
0.7447126 0 0 0.5 1 1 0 0
0.9507002 1 0 0.75 3 1 0.8398 1
0.8356253 0 -1 0.25 1 1 0.555 1
0.8233473 1 1 1 3 1 0.8179 1
0.98774 1 1 0.75 1 1 0.7003 1
0.09720423 0 -1 0.75 3 0 0.555 1
0.5 0 -1 0.75 2 0 0 1
0.2106256 0 -1 0.75 0 1 0.5255 1
0.800188 -1 -1 0.75 -1 -1 0.5719 1
0.5 0 0 0.5 0 0 0 0
0.5 0 0 0.5 0 0 0 -1
0.5 1 -1 0.5 0 1 0 0
0.9995487 1 -1 0.75 1 1 0.9543 1
0.9950211 0 1 0.75 2 1 0.4926 1
0.5 -1 -1 0.75 1 1 0 1
0.5 0 0 0.5 0 1 0 0
0.963288 1 1 1 2 1 0.4019 1
0.8856861 0 0 0.75 1 0 0.4767 0
0.09539312 -1 -1 0.75 2 1 0.4926 1
0.933726 1 1 0.5 1 1 0.4588 1
0.5 0 0 0.5 1 0 0 1
0.9634278 0 0 0.5 1 -1 0.4215 1
0.5 0 0 0.5 1 0 0 1
0.7569597 -1 -1 0.5 -1 -1 -0.4215 -1
0.5 0 0 0.5 1 0 0 1
0.5 0 0 0.5 2 0 0 1
0.06216602 -1 -1 0.25 0 -1 -0.5983 0
0.5 0 -1 0.5 1 0 0 -1
0.7576505 0 1 0.75 1 1 0 1
0.5 0 0 0.5 1 0 0 0
0.5 1 1 0.75 2 1 0.6696 1
0.5 0 0 0.5 1 -1 0 0
0.8395813 0 0 0.75 0 1 -0.5413 -1
0.00590665 -1 0 0.25 1 0 -0.2244 1
0.9903095 1 1 0.75 2 1 0.8349 1
0.9853278 1 1 0.75 2 1 0.8271 1
0.9591894 1 -1 0.75 2 1 0.5229 1
0.5 0 0 0.25 0 0 0 -1
0.2315154 0 -1 0.5 1 1 0 1
0.8589386 1 1 1 2 1 0.6369 1
0.5 0 -1 0.5 0 0 0 0
0.1630941 0 1 0.75 1 1 0.4943 1
0.7849667 1 -1 0.5 1 1 0.92 1
0.9984966 1 0 0.75 1 1 0.8418 1
0.94625 1 1 0.75 1 1 0.5719 1
0.09578373 0 -1 0.25 1 1 0.5826 1
0.1961562 0 0 0.5 1 0 0 -1
0.5 0 0 0.5 1 0 0 0
0.9970458 1 1 1 2 1 0.9269 1
0.8757482 -1 -1 0.75 2 0 0.4344 0
0.9976462 1 0 0.75 2 1 0.8225 1
0.01946285 -1 -1 0.25 0 -1 0.4577 -1
0.04909795 -1 -1 0.75 -1 -1 -0.25 1
0.5 0 -1 0.5 1 0 0.0772 0
0.1218783 -1 -1 0.25 0 0 -0.1531 0
0.0158507 -1 -1 0.25 2 -1 0.4153 -1
0.7647083 1 0 0.5 0 1 0 -1
0.8229055 0 -1 0.5 1 0 0.5242 1
0.8943737 -1 -1 0.5 -1 -1 -0.0516 0
0.9490854 1 -1 0.75 2 1 0.6517 1
0.9629622 1 1 0.75 0 1 0.9829 1
0.9727007 1 1 0.75 3 1 0.9619 1
0.5 0 -1 0.25 0 1 -0.34 1
0.995387 1 1 0.75 1 1 0.926 1
0.7489489 1 -1 0.75 2 1 0.6369 1
0.5 0 1 0.25 1 0 0 0
0.9856814 1 1 0.75 2 1 0.8679 1
0.7183315 1 1 0.75 1 1 0.7783 1
0.9238381 1 1 1 1 0 0.656 1
0.5 1 -1 0.75 1 1 0.3612 1
0.9977245 1 1 0.75 2 1 0.9595 1
0.8132694 1 -1 0.5 1 1 0 1
0.7480445 1 -1 1 2 1 0.8573 1
0.745527 0 -1 0.5 2 0 0.508 1
0.9894729 1 1 0.75 1 1 0.807 0
0.9598394 -1 -1 0.25 1 1 0.4898 1
0.2407685 0 0 0.25 0 0 -0.296 0
0.5 0 0 0.5 2 0 0 1
0.5 0 1 0.75 0 1 0.5719 0
0.9064413 1 0 0.5 2 1 0.6229 1
0.9766515 1 1 1 2 1 0.8641 1
0.9939317 1 -1 0.75 0 1 0.8527 1
0.9327295 0 0 0.75 1 0 0.4588 1
0.998269 1 1 0.75 1 1 0.9625 1
0.01558896 0 -1 0.25 -1 1 0.6196 -1
0.2720923 1 1 1 2 1 0.6114 1
0.9717778 1 0 0.75 2 1 0.9505 1
0.9308689 1 -1 0.5 1 1 0.8056 1
0.8820375 -1 -1 0.25 -2 1 -0.2924 1
0.5 0 0 0.5 1 1 0 1
0.8088553 1 -1 0.75 2 1 0.8877 1
0.9771736 1 0 0.75 1 1 0.8832 1
0.5 0 -1 0.5 1 1 0 -1
0.2767302 0 0 0.75 1 1 0.5255 1
0.5 1 1 1 1 1 0.785 1
0.9961636 1 1 1 3 1 0.8829 1
0.5 1 0 0.5 1 0 0 -1
0.9433462 1 -1 1 2 1 0.5668 1
0.5 1 -1 0.5 1 1 0.3612 1
0.9599514 1 1 0.75 2 1 0.7644 1
0.200505 0 0 0.25 1 0 0.5962 0
0.5 0 -1 0.5 2 0 0 1
0.9530691 1 1 1 3 1 0.8016 1
0.9995104 1 1 1 3 1 0.9164 1
0.5 1 -1 0.5 1 1 0.466 1
0.5 0 0 0.5 1 0 0 0
0.9786896 0 0 0.25 1 1 0.6449 1
0.9920987 0 0 0.75 2 0 0.7052 1
0.2596052 0 -1 0.75 1 0 -0.3595 1
0.1223081 -1 1 0.75 2 1 0.7752 0
0.5 1 0 0.5 1 1 0.3612 0
0.5 1 -1 0.75 1 1 -0.0258 -1
0.7604356 0 0 0.5 1 0 0 1
0.7698171 1 -1 0.5 0 0 0.6124 0
0.19705 0 -1 0.5 0 1 -0.3764 1
0.7210925 0 -1 0.5 2 0 0.4574 1
0.7636419 1 -1 1 1 0 0.8208 1
0.1049517 1 -1 0 -1 -1 -0.6597 1
0.02608648 -1 -1 0.25 -2 -1 -0.1511 0
0.8356914 1 0 1 2 1 0 1
0.8386735 1 0 1 2 1 0.1615 1
0.9229342 0 -1 0.5 1 0 0.4215 1
0.8908611 0 0 0.75 1 1 0 1
0.996552 1 -1 0.75 2 1 0.6652 1
0.9246379 0 0 1 2 0 0.6249 1
0.8505259 1 0 1 2 1 0.6369 1
0.5 0 0 0.5 1 0 0 1
0.1375746 1 -1 1 3 1 0.9191 1
0.03082679 0 1 0.25 1 0 0 0
0.02872434 -1 -1 0.25 -3 -1 -0.9369 -1
0.5 0 -1 0.25 0 1 0 -1
0.7586194 0 -1 0.75 2 0 0 1
0.9956099 1 0 1 3 1 0.923 1
0.08598397 -1 -1 0 1 -1 -0.7902 -1
0.004231106 -1 0 0.75 -1 -1 -0.4085 1
0.9949735 1 1 0.75 2 1 0.9369 1
0.9941008 1 -1 0.75 2 1 0.9214 1
0.5 0 -1 0.5 0 0 0 -1
0.1602746 0 0 0 0 0 0 -1
0.02663077 -1 0 0.75 -1 -1 -0.1531 1
0.2451747 0 -1 0.5 0 -1 -0.5719 1
0.1032142 -1 -1 0.75 1 0 -0.5318 0
0.977442 1 -1 0.5 0 1 0.7091 0
0.7686976 -1 -1 0.5 2 0 0.6909 1
0.5 0 0 0.5 0 0 0 0
0.9988223 1 -1 0.75 3 1 0.9598 1
0.9921236 1 1 1 3 1 0.9227 1
0.9954638 1 1 1 2 1 0.9466 1
0.2035065 1 -1 0.25 2 1 0.7488 1
0.5 0 0 0.5 0 0 0.3612 0
0.0198866 -1 -1 0 -1 -1 -0.3071 -1
0.5 0 0 0.5 0 0 0 0
0.7459718 1 0 0.75 2 1 0.7125 1
0.877054 1 -1 1 3 1 0.7964 1
0.5 0 -1 0.5 2 0 0 1
0.09643824 0 -1 0.75 1 -1 -0.3595 -1
0.5 0 0 0.5 1 0 0.5972 1
0.08808013 1 -1 0.75 1 1 0.5574 1
0.5 0 0 0.5 1 1 -0.5781 1
0.8944003 0 0 0.5 0 0 0.3182 0
0.9993485 1 -1 0.75 2 1 0.9552 1
0.9903068 1 1 1 1 1 0.6588 1
0.5 0 -1 0.75 0 1 0 0
0.5 -1 -1 0.25 1 -1 0 0
0.8648388 1 -1 0.75 1 1 0.7568 -1
0.9594833 1 0 0.5 2 1 0.6124 1
0.9105575 0 1 0.5 0 -1 0.2263 -1
0.002469244 -1 -1 0.25 -2 -1 -0.2425 -1
0.7564571 1 -1 0.5 0 0 0.3818 -1
0.9858948 1 -1 0.75 3 1 0.865 1
0.9339218 1 0 1 2 1 0.6369 1
0.8508031 1 -1 0.75 1 1 0.8516 0
0.9319652 1 0 1 2 0 0.7289 1
0.9993633 1 -1 1 2 1 0.7096 1
0.8149084 1 0 0.75 0 -1 -0.713 -1
0.7761925 1 -1 0.75 2 1 0.4404 1
0.8949637 0 1 0.75 1 1 0.4404 1
0.1574644 0 -1 0.25 1 -1 -0.615 0
0.9420674 1 -1 0.75 2 0 0.8349 1
0.990389 1 1 1 2 1 0.8442 1
0.7762398 0 -1 0.5 1 0 0 1
0.9857258 1 1 1 2 1 0.765 1
0.9948827 1 1 0.75 3 1 0.9265 1
0.2488263 -1 0 0 -3 -1 -0.6876 -1
0.9287654 1 1 0.75 2 1 0.6114 1
0.1962095 0 -1 0.5 1 0 -0.4724 -1
0.5 0 0 0.5 0 0 0 0
0.0332131 -1 0 0 -2 -1 -0.5423 -1
0.5 1 1 0.5 0 -1 0 0
0.9839779 1 -1 0.5 2 0 0.8416 1
0.9428655 1 0 0.75 2 1 0.8126 1
0.1369981 -1 0 0.5 0 -1 0 1
0.004867189 -1 0 0.25 -2 0 0.336 -1
0.9981074 1 0 0.75 1 1 0.7579 1
0.9594784 1 1 0.75 0 1 0.8245 1
0.816379 0 -1 0.5 1 0 0 0
0.998707 1 -1 1 3 1 0.9212 1
0.9902761 0 1 0.75 1 0 0.7003 1
0.7665512 1 1 0.75 1 1 0.658 1
0.5 1 -1 0.5 1 -1 0 0
0.9907344 0 -1 0.25 1 0 0.34 1
0.0009879481 -1 -1 0.25 -3 -1 -0.8074 -1
0.1756942 0 0 0.5 1 0 0.4767 1
0.9863246 1 1 1 2 1 0.7964 1
0.5 0 0 0.5 0 0 0 1
0.9571991 1 1 1 2 1 0.6124 1
0.9631642 1 -1 0.75 2 1 0.9138 1
0.1816129 1 -1 0.5 1 1 0.25 1
0.9243622 1 -1 0.75 0 1 0.5994 1
0.9846712 0 1 0.75 1 1 0.4404 1
0.737302 1 0 0.75 2 1 0.312 1
0.8528978 1 0 0.75 3 1 0.9112 1
0.5 0 0 0.5 0 0 0.0772 1
0.5 0 0 0.5 0 0 0 0
0.5 1 0 0.5 0 1 0 0
0.5 0 -1 0.25 1 1 -0.4646 1
0.9770159 0 1 0.75 1 1 0.4404 1
0.5 0 0 0.5 1 0 0 1
0.0714741 0 -1 0.5 -1 1 0.4939 0
0.2590245 1 -1 0.75 1 1 0.3182 0
0.9091769 0 0 0.5 2 0 0.5106 1
0.2373265 0 -1 0.75 0 1 0.7154 0
0.7955048 0 1 0.25 0 0 0.4278 -1
0.7732992 0 0 0.5 1 0 0 1
0.998952 1 1 0.75 0 1 0.9795 0
0.5 0 0 0.5 1 0 0 1
0.5 0 0 0.5 1 0 0 0
0.9974769 1 1 0.75 2 1 0.9075 1
0.2494873 0 0 0.5 0 0 0.4588 -1
0.7904606 0 0 0.5 0 0 0 1
0.2731117 -1 -1 0 1 -1 -0.5216 -1
0.8356122 1 1 0.75 3 1 0.9326 1
0.911838 0 1 0.75 1 1 0.7783 -1
0.9321964 1 -1 1 2 1 0.5719 1
0.7936903 0 -1 0.75 1 1 0.6209 1
0.1145825 0 0 0.75 -1 0 -0.5632 0
0.9995653 1 1 0.75 1 1 0.8225 1
0.3127952 0 1 0.5 1 0 0 0
0.9185086 -1 -1 0.5 0 1 -0.1708 0
0.9979423 1 1 0.75 1 1 0.9186 1
0.8632472 0 -1 0.75 2 1 0.5423 1
0.9993304 1 1 0.75 3 1 0.9681 1
0.01632567 -1 -1 0.25 1 0 0.727 1
0.7933243 1 0 0.25 2 0 0 1
0.9921106 1 -1 0.75 1 1 0.7845 1
0.9621632 1 1 1 2 1 0.7906 1
0.9838931 1 0 1 3 1 0.6588 1
0.9860824 1 1 1 3 1 0.7067 1
0.09159583 -1 -1 0 0 -1 -0.6305 1
0.5 0 0 0.5 0 0 0 -1
0.9768511 1 1 0.75 4 1 0.9317 1
0.5 0 0 0.5 2 0 0 -1
0.8690456 -1 0 0.25 -2 0 -0.6671 -1
0.5 0 0 0.5 0 0 0 0
0.7177446 0 0 0.5 1 0 0 0
0.5 0 -1 0.5 0 1 0 0
0.9991393 1 -1 0.75 2 1 0.9493 1
0.2456886 1 -1 1 1 -1 -0.0156 -1
0.8682559 0 1 0.75 2 1 0.8852 1
0.2343027 0 -1 0.75 0 1 0.4102 1
0.5 0 0 0.5 2 0 0 -1
0.9531229 0 0 0.75 2 1 0.8475 1
0.9407603 0 -1 0.75 1 1 0.4939 1
0.9988697 1 1 1 2 1 0.7964 1
0.792305 0 0 0.5 0 -1 -0.4215 1
0.5 0 1 0.5 0 1 0 1
0.2861669 -1 0 0.25 -2 -1 -0.126 -1
0.5 0 0 0.5 0 0 0 0
0.5 0 -1 0.5 1 1 0 1
0.9288871 1 -1 1 4 1 0.9176 1
0.5 0 -1 0.5 0 0 0 0
0.960802 1 0 0.5 1 1 0.7783 1
0.202811 0 -1 0.5 1 0 0 0
0.9815247 0 0 0.75 2 0 0.6679 0
0.8065232 1 0 1 2 1 0.6369 1
0.9688569 1 1 0.75 2 1 0.7263 1
6.54671e-05 -1 -1 0.75 3 -1 0.6628 1
0.8861919 1 1 0.75 2 1 0.9432 1
0.9935708 0 -1 0.75 1 0 0.7887 1
0.9986078 0 1 0.75 1 1 0.6705 1
0.9916035 0 -1 0 0 1 0.4926 1
0.5 0 0 0.5 1 0 0 -1
0.0004314775 -1 -1 0.25 -3 -1 -0.7184 -1
0.7442931 0 0 0.5 0 0 0 0
0.8239523 1 -1 0.25 -1 1 0.8674 -1
0.8901434 0 -1 0.5 -1 1 0.6974 1
0.9925149 1 0 0.75 1 1 0.6565 1
0.6810094 0 0 0.5 1 1 0 1
0.971656 0 0 0.75 0 1 0.8679 1
0.9806321 1 1 1 1 1 0.5719 1
0.9711857 1 0 0.75 1 1 0.3182 1
0.5 0 0 0.5 1 1 0 1
0.5 1 -1 0.75 1 1 0.2732 1
0.2721491 -1 -1 0.25 0 -1 -0.7935 0
0.5 -1 0 0.25 0 1 0 0
0.8749268 0 -1 0.75 3 1 0.8612 0
0.9212302 0 0 0.75 1 1 0.4019 1
0.9926024 1 0 1 3 1 0.8469 1
0.5 0 0 0.5 0 0 0 0
0.5 0 -1 0.5 1 0 0 1
0.5 1 -1 0.5 1 1 0.6369 1
0.986864 0 0 0.75 1 0 0.4588 1
0.9934683 1 1 0.75 2 1 0.8748 0
0.5 0 0 0 -1 -1 0 -1
0.08149478 -1 -1 0.25 1 -1 0.2481 1
0.05657429 -1 -1 0.75 1 -1 -0.6094 -1
0.9744864 1 0 1 2 1 0.7067 1
0.9987217 1 0 1 1 1 0.9153 1
0.7546878 0 -1 0.75 1 1 0.8893 0
0.9346203 1 -1 0.75 1 1 0.6186 1
0.9845972 1 -1 0.75 2 1 0.9771 1
0.9794823 0 1 0.5 1 0 0.4215 1
0.9437488 -1 1 0.75 1 -1 0.6523 1
0.9951281 1 0 0.75 2 1 0.7717 1
0.209004 1 -1 0.75 1 1 0.5319 0
0.7736598 1 -1 0.75 1 1 0.4404 1
0.9768924 -1 -1 0.5 0 1 0.7941 1
0.7855866 0 0 0.5 1 0 0 1
0.9965924 1 1 0.75 3 1 0.9124 1
0.8283344 -1 -1 0.75 0 -1 -0.4215 1
0.8408228 1 1 1 2 1 0.7482 1
0.09170929 -1 0 0.25 0 0 -0.1531 0
0.2405635 1 1 0.5 1 1 0.3612 0
0.9503933 1 -1 0.75 2 1 0.836 1
0.913542 -1 -1 0.5 1 -1 -0.2924 0
0.9744982 1 1 1 3 1 0.8638 1
0.9976789 1 0 1 2 1 0.8395 1
0.9653401 1 1 0.75 1 1 0.5859 1
0.9700069 1 1 0.75 1 1 0.5719 1
0.0003993075 -1 -1 0.25 -1 -1 -0.8641 -1
0.2396197 1 -1 0.75 2 1 0.7345 1
0.01031226 -1 -1 0.25 -1 -1 -0.0772 -1
0.08485 -1 -1 0.5 0 -1 0.4329 0
0.5 1 0 1 3 1 0.7249 1
0.5 0 0 0.5 1 0 0 1
0.956367 1 1 0.75 2 1 0.9278 1
0.9792873 1 0 0.75 2 1 0.5229 1
0.002212968 -1 -1 0 -4 -1 -0.8253 -1
0.5 0 1 0.5 1 0 0 1
0.01664731 0 -1 0.25 -2 0 -0.1531 -1
0.2201102 -1 -1 0.75 1 0 0.5126 1
0.2214208 1 -1 0.75 1 1 0.8674 1
0.8879747 1 0 1 2 1 0.7783 1
0.5 0 -1 0.5 -1 0 0.0772 -1
0.9918717 1 -1 0.75 2 1 0.8213 1
0.2624172 -1 -1 0.5 1 1 -0.296 0
0.5 0 0 0.5 1 0 0 1
0.7854685 1 1 0.75 1 1 0.6369 1
0.9489879 0 1 0.5 1 1 0.877 1
0.5 0 -1 0.5 1 0 0 1
0.9989097 1 1 0.75 3 1 0.9112 1
0.5 0 0 0.5 1 0 0 1
0.01068424 0 0 0.5 1 -1 0.636 0
0.5 0 0 0.75 0 0 0 1
0.1213198 -1 -1 0.75 -1 -1 -0.4767 1
0.9705805 1 0 0.75 2 1 0.5502 1
0.9442646 1 -1 1 1 1 0.3612 1
0.8112259 1 0 0.75 2 1 0.5848 1
0.868961 1 -1 0.75 0 1 0.9748 1
0.8851292 -1 1 0.5 -2 -1 -0.6776 -1
0.1169077 0 0 0.5 0 0 0.0772 0
0.8390621 1 1 0.75 2 1 0.6114 1
0.05153262 1 -1 0.25 2 0 0.6882 0
0.7519656 1 0 0.75 -1 1 0.6892 1
0.9796971 1 1 1 2 1 0.836 1
0.9730822 1 0 0.75 2 1 0.5267 1
0.5 0 0 0.5 1 0 0 1
0.9435601 0 -1 0.5 1 -1 0.5974 1
0.5 0 0 0.75 2 1 0 1
0.9935671 0 0 0.75 2 1 0.8306 1
0.8715888 1 1 1 1 1 0.941 1
0.9942816 1 0 0.75 1 1 0.9285 1
0.7999878 1 1 0.25 1 1 0.7156 1
0.7877091 0 -1 0.75 2 0 0 1
0.755305 1 -1 0.75 3 1 0.7887 1
0.5 0 0 0.5 0 0 0 0
0.8145636 1 0 1 3 1 0.6114 1
0.8019164 1 -1 0.75 2 0 0.8957 1
0.97277 1 0 0.75 1 1 0.4404 1
0.8610515 1 -1 0.75 2 1 0.5267 1
0.0001122465 -1 -1 0.5 -1 -1 -0.2642 -1
0.7788863 1 -1 1 2 1 0.8388 1
0.8948059 -1 -1 0.25 0 0 0.7004 1
0.1280303 1 1 0.75 1 1 0.6908 1
0.8134223 -1 -1 0.5 -1 -1 0 -1
0.9060223 1 0 0.75 3 1 0.6476 1
0.1857883 -1 -1 0.5 0 -1 -0.0516 1
0.5 0 0 0.5 1 1 0 0
0.8313945 1 -1 0.75 1 1 0.7345 1
0.1920789 1 -1 0.5 1 1 0.3612 1
0.998856 1 1 0.75 2 1 0.946 1
0.998343 1 1 1 2 1 0.9524 1
0.9378303 1 1 0.75 1 1 0.6486 1
0.7471478 1 -1 1 3 1 0.826 1
0.9821342 0 0 0.5 1 0 0.5684 1
0.5 0 -1 0.5 2 0 0 1
0.8017328 1 -1 0.25 1 1 -0.4182 -1
0.5 0 -1 0.5 1 0 0 1
0.5 0 0 0.5 0 0 0 0
0.9846712 0 1 0.75 1 1 0.4404 1
0.979987 0 -1 0.75 1 1 0.6166 1
0.2437468 1 -1 0.5 1 1 -0.2603 0
0.9846712 0 1 0.75 1 1 0.4404 1
0.0718159 -1 -1 0 -2 -1 -0.5423 -1
0.9560354 0 -1 0.75 2 0 0.5684 0
0.1748647 -1 0 0.25 -1 -1 0.2225 0
0.9818613 1 1 0.75 1 1 0.8541 1
0.9351067 1 1 1 2 1 0.7249 1
0.1312636 0 0 0.5 1 -1 -0.3595 1
0.8826192 1 1 0.75 1 1 0.1779 0
0.5 0 -1 0.5 0 0 0 1
0.5 -1 -1 0.5 1 -1 0 0
0.9994048 1 1 0.75 2 1 0.8481 1
0.9811039 0 -1 0.75 2 1 0.8225 1
0.08258957 -1 -1 0.5 0 0 -0.5346 -1
0.8407678 0 -1 0.75 2 0 0.5951 1
0.8808961 0 -1 0.75 1 0 0.4588 1
0.9977641 1 -1 0.75 1 0 0.7319 0
0.0375822 0 -1 0 -1 -1 0.1742 -1
0.5 0 -1 1 1 1 0 1
0.234535 1 -1 0.5 0 1 0.395 -1
0.993044 1 0 1 2 1 0.9227 1
0.8874784 1 1 1 3 1 0.7249 1
0.9957055 1 -1 0.75 1 1 0.5994 1
0.5 1 0 0.75 2 1 0.6776 1
0.5 -1 1 0 -2 -1 -0.5719 -1
0.9505295 1 1 0.5 1 1 0.8061 1
0.9890473 1 1 0.75 2 1 0.8689 1
0.2217836 1 -1 0.75 1 1 0.8723 1
0.9715461 1 1 0.75 1 1 0.7088 1
0.02087608 -1 -1 0.25 -1 -1 -0.5106 -1
0.9657774 1 1 1 2 1 0.6114 1
0.9690351 1 1 1 2 1 0.94 1
0.776099 0 -1 0.5 1 0 0 1
0.1744929 -1 -1 0.75 0 -1 -0.4404 -1
0.9084139 1 0 0.75 2 1 0.6696 1
0.8856861 0 0 0.75 1 0 0.4767 1
0.93756 1 1 0.75 1 1 0.3182 0
0.01708448 -1 -1 0.25 -1 -1 -0.7553 -1
0.9344917 0 -1 0.75 1 1 0.9022 1
0.9912005 1 -1 0.75 1 1 0.8402 1
0.7760001 1 -1 0.75 2 1 0.8415 1
0.8038368 1 1 0.75 2 1 0.5859 1
0.9946937 -1 -1 0.5 -1 1 -0.8403 -1
0.8039023 -1 -1 0.75 2 1 0.7004 1
0.5 0 0 0.75 0 0 0 1
0.7967333 0 -1 1 2 1 0 1
0.9997986 1 1 0.75 3 1 0.8516 1
0.9990885 1 1 0.75 2 1 0.9325 1
0.5 -1 -1 0 0 0 -0.2984 0
0.5 0 0 0.5 1 0 0 1
0.5 0 -1 0.5 1 0 0 1
0.9340425 0 0 0.75 -1 0 0.4019 0
0.5 0 -1 0.5 1 0 0 0
0.9815886 0 -1 0.75 1 1 0.6808 1
0.9845377 1 1 1 2 1 0.8906 1
0.9443784 1 1 0.75 2 1 0.7269 1
0.971154 -1 -1 0.75 1 1 0.7269 1
0.9930606 1 -1 0.75 2 1 0.8513 1
0.5 0 0 0.5 0 0 0 0
0.9345212 1 0 0.75 2 0 0.6981 0
0.9395378 1 1 0.75 2 1 0.7701 1
0.2406113 -1 0 0.5 -2 -1 -0.3818 -1
0.9945681 1 -1 0.75 2 1 0.9094 1
0.5 0 0 0.5 0 0 0 0
0.8072087 0 1 0.5 0 1 0.9601 1
0.5 0 -1 0.5 1 0 0 0
0.2367993 0 -1 0.25 2 0 -0.4545 1
0.5 0 0 0.5 0 -1 0 0
0.9921957 1 -1 0.75 2 1 0.8807 1
0.5 0 -1 0.75 0 1 0.3612 1
0.7714463 0 0 0.5 2 0 0 1
0.9328646 1 1 0.75 2 1 0.4939 1
0.2911248 1 0 0.5 1 1 0.3612 -1
0.7732468 0 0 0.25 1 0 0.2023 1
0.9657774 1 1 1 2 1 0.6114 1
0.9339218 1 1 1 2 1 0.6369 1
0.5 -1 1 0.75 2 1 0.633 1
0.5 0 0 0.5 0 0 0 0
0.2717437 1 0 0.75 1 1 0.2732 1
0.7414408 1 1 0.75 2 1 0.8425 1
0.9990634 1 1 0.75 3 1 0.8774 1
0.915673 0 -1 0.75 1 1 0.8783 1
0.8446385 -1 -1 0.25 1 1 0.5784 1
0.5 0 0 0.5 2 0 0 1
0.7826404 1 -1 1 2 1 0.8555 1
0.8297805 0 -1 0.75 1 0 0 1
0.8869083 -1 -1 0.25 1 -1 -0.3561 -1
0.5 1 1 0.75 2 1 0.5399 1
0.03620599 0 0 0.75 2 1 0.636 1
0.01689794 -1 -1 0.75 -1 -1 0.4423 -1
0.8189896 -1 -1 0.75 2 1 0.8429 1
0.05439338 0 0 0.75 1 0 0.7081 1
0.8977641 1 1 0.5 0 0 0.2023 1
0.5 0 0 0.5 1 0 0 0
0.8857365 0 -1 0.75 0 1 0.9882 0
0.5 0 0 0.5 0 0 0 1
0.04647382 -1 -1 0.25 0 -1 -0.3182 0
0.5 0 0 0.5 1 0 0 -1
0.2335123 1 1 0.75 1 1 -0.4939 1
0.8878299 1 -1 0.25 0 0 0.0065 1
0.2316091 0 0 0.5 0 -1 0.2924 -1
0.5 0 0 0.5 -1 0 0 0
0.01734135 -1 -1 0.25 0 0 -0.3421 0
0.8735779 1 1 1 3 1 0.9337 1
0.5 1 0 0.5 1 1 0.533 1
0.5 1 -1 0.75 1 1 0 1
0.1216071 -1 -1 0.25 1 -1 -0.6489 1
0.9943698 0 -1 0.75 1 0 0.7906 1
0.8993955 0 1 0.5 1 1 0.4939 0
0.5 0 0 0.25 0 0 0 0
0.9719991 0 -1 0.75 2 0 0.72 1
0.9918605 1 -1 0.75 2 1 0.7579 1
0.5 0 0 0.5 1 0 0 0
0.9999342 1 -1 0.75 2 1 0.9814 1
0.9401648 -1 -1 0.25 1 0 0.3544 1
0.9837091 0 -1 0.5 2 1 0.4926 1
0 -1 -1 0 -3 -1 -1 -1
0.5 0 0 0.5 1 0 0 1
0.9179379 0 1 0.75 2 1 0.4926 1
0.789041 1 -1 0.75 2 1 0.7352 1
0.02911847 -1 -1 0.75 -1 -1 -0.7579 0
0.8076721 0 -1 1 2 -1 -0.0516 1
0.0004419756 1 -1 0 -1 0 -0.632 -1
0.5 -1 -1 0.75 0 -1 -0.5267 0
0.5 0 -1 0.75 2 0 0 1
0.0162584 0 -1 0.5 1 0 0.4404 0
0.998556 1 1 0.75 2 1 0.9081 1
0.7655796 0 0 0.5 1 0 0 1
0.9999999 1 -1 1 2 1 0.9889 1
0.8260571 -1 -1 0.75 4 -1 -0.4186 1
0.5 1 -1 0.75 2 1 0.3987 0
0.5 0 0 0.5 0 0 0 1
0.01063595 0 -1 0.75 2 1 0.826 1
0.7509954 1 0 0.25 -2 1 0.4298 -1
0.9053646 1 0 0.75 2 1 0.9523 1
0.5 0 -1 0.5 1 0 0 1
0.199112 0 0 0.75 0 -1 0 0
0.5 0 0 0.5 0 0 0 0
0.9956478 1 1 0.75 1 1 0.8885 1
0.9997479 1 0 1 3 1 0.9642 1
0.9575632 1 1 0.75 3 1 0.6103 1
0.9477993 1 1 0.75 1 1 0.9483 1
0.5 0 -1 1 -2 -1 0 0
0.7913182 1 -1 1 1 1 0.4749 1
0.1863444 0 0 0.5 0 0 0 -1
0.1307216 -1 -1 0.25 1 0 -0.1511 0
0.977738 1 1 1 3 1 0.91 1
0.1973929 -1 -1 0.25 0 0 -0.4005 1
0.7821426 0 0 0.5 0 0 0 0
0.7522336 -1 0 0.25 1 0 -0.4153 1
0.5 1 0 0.75 1 1 0.2732 1
0.9299956 1 -1 0.5 2 1 0.7256 0
0.5 0 -1 0.5 1 0 -0.296 1
0.8205025 -1 0 0.5 0 -1 0.6973 0
0.5 1 1 0.75 3 1 0.4939 1
0.5 0 1 0.5 1 0 0 1
0.1794707 1 -1 0.75 1 1 0.8537 0
0.8106976 0 -1 0.5 1 1 0.4019 1
0.8589425 0 0 0.5 -2 1 0.3111 1
0.5 0 0 0.5 0 0 0 0
0.9568718 1 1 0.75 1 1 0.3182 1
0.9845005 0 -1 0.75 1 0 0.8809 1
0.770262 1 1 0.75 3 1 0.8083 1
0.9687995 1 1 0.75 2 1 0.8225 1
0.8847844 1 1 0.75 3 1 0.6696 1
0.5 0 -1 0.5 2 0 0 1
0.5 0 0 0.5 1 0 0 -1
0.5 0 0 0.25 0 1 0 1
0.5 0 -1 0.5 0 -1 0 -1
0.8649207 1 0 1 2 1 0.747 1
0.995855 0 0 0.75 2 1 0.7177 1
0.8133234 0 -1 0.75 -1 1 0.9732 1
0.2224753 -1 -1 0.25 2 -1 0.6981 1
0.01347845 -1 -1 0.25 0 -1 -0.0699 1
0.5 0 0 0.5 0 0 0 0
0.9823763 1 -1 1 1 1 0.824 1
0.8444914 1 1 0.75 0 1 0.8027 1
0.295758 -1 -1 0.5 0 -1 0.6124 1
0.5 0 0 0.5 0 0 0 -1
0.5 0 0 0.5 0 0 0.296 1
0.9743487 1 0 1 2 1 0.6467 1
0.1991792 1 1 0.75 1 1 0.6696 1
0.9936927 0 1 0.75 2 1 0.5994 1
0.8100539 1 -1 1 2 1 0.8409 1
0.2488882 -1 -1 0.25 1 0 0.7059 1
0.5 0 -1 0.75 0 0 0 1
0.9030014 1 1 0.75 1 1 0.4404 1
0.9762127 0 -1 0.75 1 0 0.6166 1
0.9727894 1 1 0.75 3 1 0.8429 1
0.2500997 0 -1 0.5 0 1 0 -1
0.5 0 0 0.5 1 0 0 0
0.1287717 1 -1 0.75 1 1 0.8016 1
0.5 0 1 0.5 1 0 0 -1
0.1263023 1 1 0.75 1 0 0 1
0.2303246 0 -1 0.25 1 0 0 0
0.9953292 1 0 0.75 2 1 0.7639 1
0.5 0 -1 0.5 1 0 0 1
0.9761742 1 -1 1 2 1 0.7717 1
0.8830111 1 1 0.75 1 1 0.4404 1
0.9656709 -1 -1 0.75 1 -1 0.9513 1
0.5 0 1 0.5 2 0 0 1
0.01586295 0 -1 0.25 1 -1 -0.4199 -1
0.912711 1 -1 1 3 0 0.6468 1
0.5 1 -1 0.75 1 1 0 0
0.03506411 -1 -1 0.25 0 0 0.1485 0
0.5 0 0 0.5 1 0 0 1
2.453657e-07 -1 -1 0.25 0 -1 -0.966 -1
0.1157451 1 -1 0.5 1 1 0.0943 0
0.5 0 0 0.5 0 0 0 0
0.5 0 0 0.5 1 0 0 1
0.9827069 1 -1 0.75 2 1 0.7671 0
0.9117585 0 0 0.5 0 0 0.296 0
0.7128169 0 0 0.5 1 0 0.3595 1
0.5 0 0 0.75 1 1 0 1
0.5 0 -1 0.25 1 0 0 0
0.9975923 1 -1 0.75 -1 1 0.9442 1
0.2110923 1 0 0.75 0 1 0.7711 1
0.9966573 1 1 1 4 1 0.9498 1
0.991693 0 1 0.5 2 1 0.7896 1
0.999997 0 1 0.5 3 1 0.9227 1
0.5 0 0 0.5 1 0 0 1
0.8940133 -1 -1 0.25 0 -1 0.743 -1
0.5 0 0 0.5 1 0 0 1
0.9938092 1 0 0.75 2 1 0.6816 1
0.8211794 1 0 1 2 1 0.6369 1
0.8031581 1 -1 0.5 1 1 0.8021 1
0.8264342 1 -1 0.75 1 1 0.6908 0
0.1766521 0 -1 0.5 1 1 0.9672 0
0.5 1 0 1 3 1 0.6679 0
0.1976552 0 0 0.5 2 0 0 0
0.9842135 1 0 1 2 1 0.7067 1
0.008450781 -1 -1 0 0 -1 -0.6562 -1
0.5 1 -1 0.75 2 1 0.5994 1
0.9989936 0 -1 0.5 1 0 0.7184 1
0.9910875 1 -1 0.75 3 1 0.9474 1
0.2342443 0 0 0 1 0 0 -1
0.5 0 0 0.5 0 0 0 0
0.7404083 0 -1 0.75 0 1 -0.0516 1
0.9692702 1 1 1 3 1 0.6588 1
0.09089795 0 0 0.5 1 1 0.7684 1
0.5 0 0 0.5 1 0 0 0
0.05106801 -1 -1 0.25 0 -1 -0.0772 0
0.9893949 1 -1 1 1 1 0.8392 1
0.9858363 1 1 1 2 1 0.6467 1
0.5 0 -1 0.5 0 0 0 1
0.9447511 0 1 0.75 2 0 0.5399 1
0.9882244 0 1 0.75 2 1 0.5399 1
0.9827237 1 0 0.75 1 1 0.3612 1
0.8377887 0 -1 0.25 1 -1 0.4501 1
0.9916243 1 1 0.75 2 1 0.807 1
0.9648264 1 1 0.75 2 1 0.6996 1
0.9799423 1 1 1 2 1 0.7964 1
0.9884881 1 0 0.75 1 1 0.9286 1
0.3168493 -1 0 0.5 0 -1 0 0
0.5 0 1 0.5 1 0 0.2732 1
0.998236 1 1 1 2 1 0.9422 1
0.2056569 0 -1 0.25 0 1 0 1
0.9414471 0 -1 0.75 2 0 0.5386 0
0.7852315 1 0 0.75 -2 1 -0.5267 0
0.5 0 1 0.5 1 0 0 -1
0.9350262 1 -1 0.75 0 1 0.8042 1
0.5 -1 -1 0 -1 -1 0.1531 0
0.1529517 1 0 0.75 0 1 0.2661 0
0.7826501 0 0 0.5 1 1 0 1
0.9465182 0 1 0.5 0 1 0.8313 0
0.9108113 1 1 0.75 1 1 0.8372 0
0.5 0 -1 0.75 1 0 0 1
0.5 -1 1 0.75 2 1 0.633 1
0.2229304 1 -1 0.5 1 1 0.6369 1
0.9978719 0 -1 0.75 1 1 0.6249 1
0.991681 1 1 0.75 3 1 0.7263 1
0.9156798 0 -1 0.5 0 0 0.34 1
0.1901334 0 0 0.25 -2 -1 0.3595 -1
0.1597532 -1 -1 0.25 -2 0 -0.3563 0
0.9858363 1 0 1 2 1 0.6467 1
0.8756035 0 -1 0.5 2 0 0.4753 1
0.9550735 0 -1 0.75 1 1 0.7506 -1
0.9084645 1 0 1 2 1 0.8655 1
0.8580619 1 0 1 3 1 0.6988 1
0.139695 0 -1 0 1 1 0.2587 0
0.9803126 1 1 0.5 1 1 0.5719 1
0.5 0 0 0.5 2 0 0 1
0.9925212 0 0 0.75 2 1 0.5423 1
0.1747676 -1 -1 0.25 0 -1 -0.6004 1
0.01860681 -1 -1 0.75 1 0 0.2037 0
0.9976245 1 1 1 3 1 0.9411 1
0.003102345 -1 -1 0 0 -1 -0.8481 1
0.9300373 0 -1 0.5 1 1 0.3612 1
0.9994115 1 1 0.75 1 1 0.8957 1
0.005838161 0 -1 1 1 0 0.9161 -1
0.9995607 1 1 0.75 4 1 0.9536 1
0.9519929 1 0 1 3 1 0.555 1
0.75739 0 0 0.75 1 0 0.25 1
0.5 0 -1 0.5 1 1 0 0
0.7504733 1 0 0.75 0 1 0 0
0.9738791 1 0 1 2 1 0.8469 1
0.851846 -1 0 0.25 1 0 -0.5425 1
0.2848417 1 -1 0.25 0 1 -0.0258 -1
0.9489419 0 1 0.75 -2 1 0.9081 1
0.07001002 -1 -1 0.25 -1 -1 -0.2732 -1
0.9593004 1 1 0.75 2 1 0.6114 1
0.5 0 0 0.5 1 0 0 1
0.5 0 -1 0.5 0 0 0 1
0.9715536 1 1 0.75 0 1 0.8677 1
0.5 0 -1 0.5 1 0 0 1
0.9574813 1 1 1 3 1 0.9207 1
0.5 0 0 0.5 0 0 0 1
0.986657 0 0 0.5 1 1 0.4939 1
0.9862939 0 1 0.75 1 0 0.6498 1
0.5 1 -1 0.5 1 -1 0 0
0.5 -1 -1 0.5 1 -1 0 1
0.5 0 -1 0.5 1 1 0 0
0.5 -1 -1 0 0 -1 0 -1
0.02493259 0 -1 0 0 -1 0.3291 0
0.7499548 -1 -1 0.75 0 1 -0.1027 0
0.07530444 1 -1 0.75 1 1 0.8524 1
0.00320043 -1 -1 0.75 -2 -1 -0.7096 -1
0.9071489 0 0 0.5 1 0 0.6124 1
0.101422 0 1 0.75 1 1 0.807 0
0.5 0 -1 0.5 0 0 0 0
0.5 0 0 0.5 1 0 0 1
0.1976427 -1 0 0.75 1 1 0.296 1
0.5 0 -1 0.5 0 -1 -0.296 1
0.9993103 0 -1 0.75 1 1 0.8074 1
0.1379994 1 -1 0 1 1 0.6147 1
0.5 1 -1 1 1 1 0.6369 1
0.08826465 -1 0 0 -2 -1 -0.5191 0
0.5 0 0 0.5 0 0 0 -1
0.1228081 -1 -1 0.5 1 1 -0.1511 0
0.05923009 -1 -1 0.75 -1 -1 0.5403 1
0.5 0 -1 0.5 1 1 0 1
0.9301036 1 0 1 2 1 0.6041 1
0.5 0 -1 1 2 -1 0 1
0.7508891 1 1 1 3 1 0.7835 1
0.7967994 1 0 0.75 1 1 0.4404 1
0.8144088 1 -1 0.5 1 1 0.509 0
0.9981156 0 1 0.75 1 1 0.7269 1
0.1714418 0 -1 0.5 0 0 0.0129 1
0.8297166 1 -1 0.75 -1 -1 0.5383 0
0.5 0 0 0.5 1 0 0 1
0.5 0 0 0.5 0 0 0 0
0.1844748 1 -1 1 2 1 0.8102 1
0.9701763 1 0 1 2 1 0.8122 1
0.9994013 1 1 0.75 2 1 0.68 1
0.987717 1 -1 0.75 -1 1 0.9651 1