0.908086 1 0 0.5 2 1 0.5695 1
0.9547556 1 1 0.75 1 1 0.7964 1
0.189425 -1 -1 0 0 -1 0.296 1
0.05713274 0 -1 1 0 1 0.4939 1
0.8544845 1 1 1 1 1 0.7184 1
0.9692812 1 0 0 1 1 0.4201 1
0.01053133 -1 -1 0 -3 -1 -0.802 -1
0.9596736 1 1 0.75 1 1 0.8126 1
0.9838861 1 0 0.75 2 1 0.5719 1
0.8491585 1 0 0 0 1 -0.3331 1
0.2045223 -1 -1 0.25 -2 1 -0.5346 -1
0.5 1 -1 0.5 0 1 0 1
0.5 -1 -1 0.5 2 1 0 1
0.008194816 -1 0 0.75 0 -1 -0.6249 -1
0.7527294 1 -1 0.75 1 1 0.6096 1
0.02115655 -1 -1 0.25 -3 -1 -0.7096 -1
0.7760543 1 0 1 2 1 0.6369 1
0.7739942 0 -1 0.5 2 0 0.6652 -1
0.5 0 -1 0.5 0 0 0 1
0.9886508 1 -1 1 2 1 0.8591 1
0.9597998 1 1 1 2 1 0.6249 1
0.5 0 -1 0.25 0 -1 0 1
0.8539008 1 -1 0.75 2 1 0.7304 1
0.06694877 -1 -1 0.25 0 -1 -0.7003 1
0.9836372 1 1 1 2 1 0.6249 1
0.5 0 0 0.5 0 0 0 1
0.2147289 0 -1 0.75 0 -1 0.743 1
0.9902374 1 -1 0.75 0 1 0.872 1
0.5 0 -1 0.75 1 -1 -0.128 1
0.9411606 1 -1 0.25 1 1 0.4404 1
0.2047147 1 -1 0.5 -3 -1 -0.6486 -1
0.186741 -1 -1 0 0 -1 -0.3612 -1
0.003252872 -1 -1 0.25 0 -1 -0.286 -1
0.03405076 -1 -1 0 -2 -1 -0.6486 -1
0.1015603 -1 -1 0.75 1 -1 0.343 -1
0.08887976 0 -1 0.25 0 1 0.5267 1
0.07679514 -1 -1 0.75 1 -1 0.0102 1
0.1623512 1 1 0.5 2 1 0.7065 1
0.5 0 -1 0.5 0 0 0 1
0.03445334 -1 -1 0.5 -1 -1 -0.4939 -1
0.001174277 -1 -1 0.25 -1 -1 -0.5267 -1
0.1539632 0 -1 0.75 -1 1 -0.5574 -1
0.2376662 1 -1 0.75 0 1 0.34 -1
0.203011 -1 -1 0.75 -2 1 -0.3612 -1
0.5 0 -1 0.5 0 0 0 -1
0.7737413 0 -1 0.75 2 1 0.8001 1
0.03281932 -1 -1 0.25 -2 1 -0.4019 -1
0.9814476 1 0 0.75 0 1 0.4201 1
0.9375561 1 1 0.75 2 1 0.5859 1
0.7196868 -1 -1 0.25 -1 1 -0.1531 1
0.01320996 0 -1 0.25 1 -1 -0.5106 -1
0.9801181 1 1 0.75 1 1 0.8689 1
0.5 0 -1 0.5 0 0 0 1
0.0937674 0 -1 0.25 0 1 -0.3959 -1
0.2838796 0 -1 0.5 0 -1 0 -1
0.5 0 -1 0.5 0 0 0 1
0.8747563 1 -1 0.75 0 1 0.4404 1
0.7744634 1 -1 1 1 1 0.6249 1
0.1384015 0 -1 0.75 0 0 0 -1
0.8823828 1 -1 0.75 0 1 0.4588 1
0.928586 0 -1 0.75 2 1 0.2484 1
0.1329297 0 -1 0.75 0 0 0 1
0.1720789 0 -1 0.25 0 0 0 -1
0.08369365 0 -1 0 -1 -1 -0.2648 -1
0.9827416 -1 -1 1 0 1 0.4767 1
0.125894 0 -1 0.75 0 -1 -0.34 -1
0.9999036 1 1 0.75 2 1 0.8777 1
0.7779881 1 -1 0.5 0 1 0 1
0.05714299 -1 0 0 -1 -1 -0.4019 -1
0.5 -1 -1 0.5 0 1 0 -1
0.03967876 1 -1 0.25 0 1 0.049 -1
0.1298492 -1 -1 0 -1 -1 -0.6808 -1
0.1706078 -1 -1 0 -1 -1 -0.296 -1
0.01290357 -1 -1 0.25 -1 -1 -0.4939 -1
0.003551553 -1 -1 0.75 -2 -1 0.4404 -1
0.0715684 -1 -1 0.25 -4 -1 -0.6115 -1
0.1219279 -1 -1 0 -1 -1 -0.6642 -1
0.2184787 0 -1 0 0 -1 0.1027 1
0.1017252 -1 -1 0.25 -2 -1 -0.4215 -1
2.428582e-06 -1 0 0.25 -2 -1 -0.9 -1
0.08225641 0 -1 0.75 0 1 0 -1
0.001937487 0 -1 0 -1 1 0.4019 -1
0.5 0 0 0.5 0 1 0 -1
0.06235004 -1 -1 0 -1 -1 -0.8115 -1
0.000997141 -1 -1 0 -3 -1 -0.936 -1
0.1793623 -1 -1 0.25 -1 -1 0.2263 -1
0.08551632 -1 -1 0.25 -1 -1 -0.4767 -1
5.173321e-05 -1 -1 0.25 -2 -1 -0.8689 -1
0.9773484 1 1 0.75 3 1 0.6115 1
0.9049336 1 -1 0.5 0 1 0.4576 1
0.5 1 1 1 0 1 0.6249 1
0.942248 1 1 0.75 2 1 0.4939 1
0.9693472 1 -1 0.75 2 1 0.7351 1
0.9745033 1 0 0.5 0 1 0.7184 1
0.5 0 0 0.5 0 0 0 1
0.9906126 1 -1 0.75 1 1 0.8674 1
0.9373015 1 1 0.75 0 1 0.5106 1
0.8494521 0 -1 1 0 -1 0.7125 1
0.964683 1 1 0.75 1 1 0.5719 1
0.9979305 1 0 1 2 1 0.7579 1
0.8868318 0 -1 0.5 0 1 0.4939 1
0.05994006 -1 -1 0.25 -2 -1 -0.6408 -1
0.5 0 0 0.5 0 0 0.5994 1
0.9353167 1 1 1 3 1 0.5994 1
0.7559408 1 1 0.75 1 1 0.4404 1
0.7909998 1 -1 0.75 1 1 0.4404 1
0.2505654 1 -1 0.5 0 1 0.2484 1
0.9202922 0 1 1 0 1 0.5719 1
0.9864931 1 1 1 1 1 0.909 1
0.02158735 1 1 0.75 1 1 0.8331 -1
0.1438953 -1 -1 0.5 -1 -1 -0.0772 -1
0.9319502 0 -1 0.75 0 0 0.6249 -1
0.934701 0 -1 0.75 1 1 0.8597 -1
0.2253972 0 -1 0.25 0 -1 -0.3818 -1
0.1387515 1 -1 0.75 -1 1 -0.1027 -1
0.00200298 -1 -1 0 1 -1 -0.8074 -1
0.001804108 -1 -1 0 -1 -1 -0.8555 -1
0.064655 -1 -1 0.5 -2 -1 -0.4767 -1
0.007438207 -1 -1 0 -1 -1 -0.8591 -1
0.003655548 -1 -1 0 -2 -1 -0.8126 -1
0.01222298 0 -1 0.25 -1 -1 -0.6794 -1
0.06435869 1 -1 0.25 -2 1 0.5859 -1
0.07134629 1 -1 0.25 0 1 0.4019 -1
0.5 -1 -1 0 -2 -1 -0.3818 -1
0.001759682 -1 -1 0.5 -2 -1 -0.7845 -1
0.5 0 -1 0.5 0 0 0 -1
0.09917838 0 -1 0.5 0 0 0 -1
2.217966e-05 -1 -1 0.25 -3 -1 -0.8374 1
4.021474e-05 -1 -1 0.25 -3 -1 -0.9504 -1
0.2078883 0 1 0.75 1 1 0.3716 -1
0.2323054 0 -1 0.75 -1 0 0 1
0.0106775 -1 -1 0.25 -1 -1 -0.7865 -1
0.5 0 0 0.5 -1 0 0 -1
0.108174 0 -1 0.25 -2 1 0.2732 -1
0.0277995 0 -1 0.5 1 -1 -0.4019 -1
0.5 0 -1 0.5 2 0 0 1
0.5 0 -1 0 1 -1 -0.25 -1
0.5 0 -1 0 -1 -1 -0.4215 -1
0.9459837 1 -1 1 2 1 0.7762 1
0.06393033 0 -1 0.5 -1 1 -0.34 -1
0.9016435 0 -1 0.5 2 0 0 1
0.9633258 0 -1 0.25 -1 1 0.0516 1
0.8362372 1 -1 0.5 1 1 0.5473 1
0.834204 1 -1 0.25 2 1 0.7034 1
0.9313583 1 -1 0.75 0 1 0.4767 1
0.9192567 1 -1 0.75 1 1 0.6249 1
0.9987258 1 1 0.5 2 1 0.8807 1
0.9116003 1 -1 0.25 -2 1 0.0571 -1
0.003391413 -1 -1 0.25 -2 -1 -0.3439 -1
0.1209671 1 -1 0.5 1 1 -0.4585 -1
0.03868031 0 -1 0.5 1 0 0 -1
0.1484579 -1 -1 0.75 -1 -1 -0.4215 -1
0.7952197 0 -1 0.75 1 -1 0.128 -1
0.143163 -1 -1 0.25 -1 -1 -0.6478 -1
0.5 0 -1 0.5 0 1 0.0772 1
0.2190801 -1 -1 0.25 -2 -1 -0.4404 -1
0.2087071 0 -1 0.25 0 1 0.1779 -1
0.2194803 -1 -1 0.5 -3 -1 -0.5423 -1
0.1710963 1 -1 0.5 1 1 0 -1
0.01530465 -1 -1 0.5 -1 -1 -0.5268 -1
0.04028678 0 -1 0.25 0 1 -0.2732 -1
0.01383648 0 -1 0 -2 -1 -0.5999 -1
0.1296393 1 -1 0.75 0 -1 -0.1531 -1
0.05239421 -1 -1 0.5 0 -1 0 -1
0.003997352 -1 -1 0.5 -2 -1 -0.8266 -1
0.9969637 1 1 0.25 0 0 0.5719 -1
0.6812022 -1 -1 0.75 0 -1 -0.4215 -1
0.8510742 0 -1 0.5 -1 1 -0.0857 -1
0.9919736 1 -1 1 2 1 0.9029 1
0.7498476 0 -1 0.5 0 1 0 1
0.860311 1 -1 1 2 1 0.7125 1
0.9782742 1 -1 1 2 1 0.9049 1
0.5 -1 -1 0 -2 -1 -0.4404 -1
0.996482 0 1 0.75 2 1 0.9266 1
0.9849037 0 1 0.75 1 1 0.7906 1
0.8480228 0 1 0.75 1 1 0.6597 1
0.9918093 1 -1 1 3 1 0.8074 1
0.03088211 0 -1 0.25 0 -1 -0.5423 1
0.9877503 1 -1 0.75 1 1 0.7346 1
0.9899848 1 1 0.75 2 1 0.873 1
0.05694446 0 -1 0.25 -1 -1 -0.2263 -1
0.8837199 1 -1 1 1 1 0.6369 1
0.5 1 1 0 1 1 0.4588 1
0.9391495 1 1 0.75 1 1 0.7717 1
0.04545324 0 1 0 1 0 -0.296 1
0.0855215 -1 -1 0.25 -3 -1 -0.8636 1
0.0414601 1 -1 0 0 1 -0.6301 1
0.9658805 1 1 1 2 1 0.5346 1
0.8248697 1 -1 0.75 1 1 0.4404 1
0.8591693 1 1 1 1 1 0.6369 -1
0.7693082 0 1 0.75 1 0 0.0516 1
0.9403851 1 1 1 2 1 0.6249 1
0.002471194 0 -1 0.5 -1 0 -0.4404 -1
0.9875127 1 1 0.75 2 1 0.7906 1
0.04835537 1 1 1 2 1 0.6038 1
0.9725414 1 -1 1 2 1 0.6249 1
0.971697 1 -1 1 3 1 0.971 1
0.8411169 1 1 0.5 0 0 0 1
0.760097 1 -1 0.5 0 1 0.4404 1
2.553905e-05 -1 -1 0.25 0 -1 -0.5994 -1
0.003369597 -1 -1 0.75 -3 -1 0.2259 -1
0.9917165 1 1 0.5 0 1 0.5574 1
0.9128446 1 -1 0.5 0 1 0.4754 1
0.5 1 1 0.75 1 1 0.3182 1
0.8673648 0 -1 1 2 1 0.8056 1
0.8934189 1 -1 0.75 1 1 0.4588 1
0.9744598 1 1 1 2 1 0.6369 1
0.0117584 0 -1 0.25 -1 1 -0.6133 -1
0.5 0 0 0.5 0 0 0 -1
0.01589767 -1 -1 0.25 -2 -1 -0.4767 -1
0.9780175 1 1 1 2 1 0.836 1
0.5 0 -1 0.5 0 1 0 -1
0.5 1 1 0.75 2 1 0.5095 1
0.776481 0 -1 0.75 0 -1 0 1
0.5 1 0 0.75 1 1 0.4404 1
0.8889426 1 0 1 3 1 0.5994 1
0.9863969 1 1 0.75 0 1 0.5984 1
0.08040008 -1 1 0.25 -4 -1 -0.5413 -1
0.002946518 -1 -1 0.25 -3 -1 -0.7239 -1
0.9759571 1 1 0.5 0 1 0.6249 1
0.004448459 0 -1 0.5 0 -1 -0.3612 1
0.02952791 0 -1 0.25 -3 1 -0.5719 -1
0.005398496 -1 -1 0 -1 -1 -0.3612 -1
0.9048403 1 1 0 1 1 0.6369 -1
0.02137748 -1 -1 0.25 -1 -1 -0.5423 -1
0.2583099 -1 -1 0.25 -1 -1 0 -1
0.02898558 -1 -1 0.25 -3 -1 -0.5423 -1
0.5 -1 -1 0.5 -1 -1 -0.34 -1
0.9901716 1 -1 0.75 4 1 0.6361 1
0.09160847 -1 -1 0 -3 -1 -0.745 -1
0.5 0 0 0.5 0 0 0 1
0.9767535 1 1 0.75 2 1 0.7351 1
0.0334736 1 -1 1 2 1 0.822 -1
0.9091249 1 -1 1 2 1 0.7034 1
0.05239424 -1 -1 0 -2 -1 -0.5574 -1
0.9668444 1 1 1 2 1 0.937 1
0.8308298 0 1 0.5 0 0 0 1
0.9902433 1 1 1 2 1 0.8074 1
0.9618937 1 1 0.75 3 1 0.9274 1
0.7225941 0 0 0.75 0 1 0 1
0.5 0 0 0.5 0 0 0 1
0.9855585 1 0 1 2 1 0.4576 1
0.9728157 1 -1 0.5 3 1 0.4754 1
0.8672668 0 -1 0.75 0 0 0 1
0.7353837 0 -1 0 -1 -1 -0.5423 1
0.5 0 -1 0.5 -1 0 0 -1
0.8363993 0 1 0.75 0 1 0.4215 -1
0.897591 -1 -1 0.5 0 -1 0 -1
0.5 0 -1 0.75 0 1 0 -1
0.2719172 0 -1 0.5 0 0 0 -1
0.01036944 -1 -1 0.25 -2 1 -0.6369 -1
0.001059728 -1 -1 0.25 -2 -1 -0.7351 -1
0.9168628 0 -1 0.75 2 0 0.5719 1
0.1812696 -1 -1 0.25 -3 -1 -0.5413 -1
0.9520025 0 -1 0.75 2 1 0.6166 1
0.9856979 0 -1 0.5 1 1 0.7885 1
0.14887 0 0 0.75 2 -1 0.2732 1
0.5 0 -1 0.75 0 0 0 1
0.1942656 1 -1 0.75 1 1 0.4404 1
0.8811303 1 1 0.75 1 1 0.6948 1
0.03390626 -1 -1 0.25 -2 -1 -0.5423 -1
0.192774 0 -1 0.25 0 1 0.296 -1
0.5 0 -1 0.5 0 0 0 -1
0.9985507 1 1 0.75 3 1 0.4576 1
0.9922806 1 -1 0.25 0 1 -0.0798 1
0.973537 1 -1 1 2 1 0.6249 1
0.7632043 1 -1 0.75 1 1 0.6486 1
0.9540157 1 1 0.75 2 1 0.4939 1
0.9938626 1 1 0.75 2 1 0.7964 1
0.8713172 1 -1 0.75 0 1 0.5106 1
0.9983343 1 1 0.75 2 1 0.918 1
0.997562 1 -1 1 3 1 0.9042 1
0.9988741 1 1 1 2 1 0.9062 1
0.9598759 1 -1 1 2 1 0.4754 1
0.9479745 0 1 1 2 1 0.6249 1
0.1915017 -1 0 0.25 -2 -1 -0.4588 -1
0.9854996 1 1 0.75 1 1 0.7269 1
0.5 0 0 0.5 2 0 0.3612 1
0.9156156 1 -1 0.75 2 1 0.34 -1
0.5 1 -1 0.75 -1 1 0.507 1
0.9962218 1 1 1 2 1 0.8286 1
0.9109544 1 1 1 3 1 0.5994 1
0.007213148 -1 -1 0.25 -2 -1 -0.7269 -1
0.1278622 1 -1 0.25 1 1 -0.4585 -1
0.01057726 0 0 0.5 -2 1 -0.0516 -1
0.5 0 -1 0.5 0 -1 0 -1
0.01451576 -1 -1 0.25 -1 -1 -0.5267 -1
0.01658902 -1 -1 0.25 0 -1 -0.2023 -1
0.7203278 1 -1 0.75 1 1 0.4404 -1
0.002717526 -1 -1 0 -2 -1 -0.855 -1
0.5 -1 -1 0.5 -1 -1 0 -1
6.762856e-05 -1 -1 0.25 -3 -1 -0.4767 -1
0.008140634 -1 -1 0.25 -2 -1 -0.7728 -1
0.01522884 -1 -1 0.25 -3 -1 -0.8481 -1
0.1199494 0 -1 0.25 0 -1 0 -1
0.0120643 0 -1 0.25 -1 -1 0 -1
0.5 -1 0 0.5 -3 -1 -0.5719 -1
0.007303594 -1 -1 0 -1 -1 -0.7269 -1
0.01878085 -1 -1 0 -1 -1 -0.7291 -1
0.008307237 -1 -1 0 -2 -1 -0.7845 -1
0.5 -1 -1 0.25 0 -1 -0.4019 -1
0.007091718 -1 -1 0.75 -1 -1 -0.5698 -1
0.03198981 -1 -1 0 0 -1 -0.3818 -1
0.5 0 -1 0.5 0 1 0 -1
0.07054624 -1 -1 0.25 -1 0 -0.4019 -1
0.9505781 -1 -1 0.25 -2 1 -0.5423 -1
0.007899179 -1 -1 0 -3 -1 -0.6712 -1
0.2856009 1 -1 0.25 1 -1 -0.3412 -1
0.2040274 1 1 0.75 1 1 0.6486 1
0.9182156 1 1 0.75 1 1 0.4927 1
0.06189698 -1 -1 0.25 -3 -1 -0.5719 -1
0.03424299 -1 -1 0.25 -3 -1 -0.5719 -1
0.1219577 -1 -1 0.25 -3 -1 -0.5719 -1
0.1200465 -1 -1 0.25 -1 -1 0 -1
0.5 0 0 0.75 1 0 0 1
0.5 0 -1 0 -2 1 0 -1
0.01645881 -1 -1 0.25 -2 -1 -0.8038 -1
0.9741874 1 -1 0.75 2 1 0.872 1
0.1387576 0 -1 0.5 -1 0 0 1
0.5 1 -1 0.75 2 1 0.4576 1
0.008819911 -1 -1 0.75 0 -1 -0.5423 -1
0.009738277 1 0 0.25 0 1 0.5267 1
0.988383 1 -1 1 2 1 0.656 1
0.9581773 1 -1 0.75 0 1 0.3612 1
0.930756 1 -1 0.75 2 1 0.7269 1
0.01628195 -1 -1 0 -1 -1 -0.3612 -1
0.9868035 0 0 0.75 -1 0 0.8555 1
0.1536368 0 -1 0.75 1 1 0.1533 -1
0.2792701 1 -1 1 2 1 0.4588 1
0.8835709 0 -1 1 1 1 0.128 -1
0.002700426 0 0 0.25 -2 -1 -0.21 -1
0.9710848 1 1 1 1 1 0.5563 -1
0.8033976 0 1 0.25 -1 -1 0.0772 -1
0.9807196 1 -1 0.75 1 1 0.4967 1
0.5 1 -1 0.75 1 1 0.3612 -1
0.9999997 1 1 0.75 2 1 0.9703 1
0.2364214 0 -1 0.5 -2 1 0.4005 -1
0.8222933 1 -1 0.5 1 1 0.802 1
0.7881766 1 1 1 1 1 0.3818 1
0.9894887 1 1 0.75 0 -1 0.7269 1
0.01421349 1 -1 0.75 -1 1 0.6925 -1
0.9934137 1 1 0.75 2 1 0.7579 1
0.5 1 -1 0.75 1 1 0.4404 1
0.9924598 1 1 1 2 1 0.9062 1
0.1330616 0 -1 0.25 1 1 0.2466 1
0.1875188 0 0 0.75 -2 -1 -0.3612 -1
0.03952991 -1 -1 1 1 -1 -0.6511 -1
0.1590513 -1 0 0.25 0 -1 -0.0516 -1
0.8159987 0 0 0.25 -1 -1 0.3182 -1
0.9619281 1 -1 1 1 1 0.7579 -1
0.9984977 1 -1 1 1 1 0.8591 1
0.9761679 1 0 1 2 1 0.9114 1
0.7588187 1 -1 0.25 1 1 0.8173 -1
0.995155 1 -1 1 3 1 0.7951 1
0.5 -1 -1 0 -1 -1 0 1
0.0001142083 -1 0 0.25 -3 -1 -0.9661 -1
0.5 0 -1 0.5 1 1 0 1
0.1118963 -1 -1 0.25 -1 -1 -0.4019 -1
0.02797417 0 -1 0 -4 -1 -0.796 -1