0.1292764 1 0 0.5 -1 1 -0.765 -1
0.006569934 -1 -1 0.5 -1 -1 -0.2263 1
0.9664995 1 1 0.75 1 1 0.7964 1
0.805527 1 1 0.75 1 1 0.4927 -1
0.7986802 0 -1 0.25 1 1 0 -1
0.1975793 1 -1 0.25 0 1 -0.0572 -1
0.04550952 -1 -1 0.25 -2 -1 -0.5423 -1
0.1124338 -1 -1 0.25 -1 -1 -0.1139 -1
0.02593807 -1 -1 0.25 -2 -1 -0.765 -1
0.9249131 1 1 0.5 3 1 0.4753 1
0.1080472 -1 0 0.75 0 1 -0.5499 -1
0.9224142 1 -1 1 2 1 0.8481 -1
0.2274282 0 -1 0.25 2 1 0.1779 -1
0.04483884 0 -1 0.25 2 -1 -0.5093 -1
0.5 0 1 0.5 -1 -1 0 0
0.1588643 -1 -1 0.25 -1 -1 -0.204 -1
0.8318189 0 0 0.75 0 -1 0.296 1
0.08346023 -1 -1 0.5 -1 -1 0 -1
0.9855242 1 0 1 3 1 0.807 1
0.5 1 -1 0.5 0 1 0 1
0.1741276 -1 -1 0 -1 -1 -0.7096 -1
0.9978745 1 -1 0.75 0 1 0.6486 1
0.9650906 1 1 1 3 1 0.6696 1
0.9046359 1 -1 0.75 0 1 0.4404 1
0.8615363 1 -1 0.5 0 1 0 1
0.9877125 1 1 0.75 2 1 0.5574 1
0.9751402 1 0 0.75 2 1 0.5859 1
0.5 0 -1 0.25 0 -1 0.101 -1
0.8565203 1 0 1 0 1 0 1
0.9987708 1 1 1 2 1 0.8126 1
0.8270775 1 1 1 2 1 0.6369 1
0.8332597 1 -1 0.25 0 1 0 -1
0.5 1 0 0.75 0 1 0.3818 -1
0.1553241 0 -1 0.5 -1 -1 -0.128 -1
0.0009838094 -1 -1 0 1 -1 -0.6696 1
0.9647198 1 1 1 2 1 0.4754 1
0.07394266 -1 0 0.5 -1 -1 -0.5574 1
0.5 -1 -1 0.25 0 1 0 1
0.897465 1 0 0 0 1 0.4404 -1
0.9361145 1 -1 0.75 2 1 0.8047 -1
0.9989957 1 1 1 2 1 0.7351 1
0.8375081 1 1 0.75 2 1 0.5719 1
0.9462156 -1 1 0.75 -1 1 0.2023 1
0.5 1 -1 0.25 0 1 -0.5652 -1
0.08036279 0 -1 0.25 -2 -1 -0.5423 -1
0.07799448 -1 -1 0.5 -1 -1 -0.6808 -1
0.09972811 -1 -1 0.5 0 0 0 1
0.8044236 1 1 1 0 1 0.5423 1
0.8970058 0 1 0.75 0 1 0 1
0.5 -1 -1 0.25 0 -1 -0.1027 -1
0.1086621 -1 -1 0.5 0 -1 0 -1
0.5 -1 -1 0.25 -2 -1 -0.34 -1
0.5 0 -1 0.5 0 0 0 -1
0.8590379 0 1 0 2 -1 0.128 -1
0.8496667 0 -1 0.25 0 1 0.4404 -1
0.9142029 -1 -1 1 -1 1 0.6483 -1
0.03844936 0 -1 0.25 -1 1 -0.5423 -1
0.9418586 1 1 1 2 1 0.6239 1
0.5 1 -1 0 0 1 -0.296 -1
0.9624241 1 1 0.75 1 1 0.5267 1
0.8224558 -1 -1 0.75 -1 -1 -0.5267 -1
0.7634135 0 -1 0.5 0 1 0.3612 -1
0.934136 0 -1 0.75 -2 -1 -0.5994 -1
0.9369771 0 0 0.75 0 1 0.4019 1
0.9826875 1 0 1 2 1 0.836 1
0.8195223 1 1 1 2 1 0.4754 1
0.5 0 -1 0.75 0 1 0.4215 -1
0.9926035 1 1 1 2 1 0.8519 1
0.2474725 -1 0 0.25 -2 -1 -0.6678 -1
0.9097598 1 1 0.5 1 1 0.5859 1
0.2422307 0 0 0.25 -1 -1 0 -1
0.9991623 1 1 0.75 2 1 0.891 1
0.06791449 -1 -1 0.25 -1 -1 0.1139 1
0.7915962 1 -1 0.75 0 1 -0.4118 -1
0.5 0 -1 0.25 0 -1 0 -1
0.5 0 -1 0.5 0 1 -0.2732 0
0.2164808 -1 -1 0.75 -1 -1 -0.128 -1
0.1541704 0 -1 0.25 -3 -1 -0.5423 -1
0.5 0 -1 0.25 -1 1 0 -1
0.5 -1 -1 0 -1 1 0 -1
0.9826517 1 1 0.5 1 1 0.7717 -1
0.8488492 0 -1 0.75 0 1 0.3818 -1
0.08753936 -1 -1 0.5 -2 -1 -0.3818 -1
0.938057 1 -1 0 1 1 0.8945 -1
0.5 1 1 0.75 1 1 0.5411 -1
0.7625864 0 -1 0.25 0 -1 -0.3612 -1
0.5 0 1 0.5 1 0 0 -1
0.1997294 0 0 0.5 2 1 0.3802 1
0.01415506 -1 1 0.25 -3 -1 -0.7951 -1
0.2019135 -1 -1 0.25 -1 -1 -0.3612 -1
0.05749156 -1 -1 0.25 -3 -1 0 -1
0.5 0 -1 0.75 -1 0 -0.4019 -1
0.9042813 1 -1 0.75 -1 1 0.3182 1
0.1526545 -1 -1 0.25 -1 -1 -0.0772 -1
0.8064918 1 -1 0.75 1 1 0.1007 -1
0.1796218 0 -1 0.25 0 1 0 -1
0.01691894 0 0 0.5 -1 1 -0.6249 -1
0.7404102 0 -1 0.5 0 0 -0.2235 -1
0.170317 0 -1 0.25 -2 -1 -0.1796 1
0.5 0 -1 0.5 0 0 0 1
0.5 1 -1 0.5 1 1 0.3612 -1
0.8307216 1 1 0.75 1 1 0.4404 1
0.9577048 1 0 0.75 1 1 0.5574 1
0.9342714 1 -1 0.5 1 1 0.3612 1
0.9345245 1 1 1 3 1 0.5719 1
0.06949964 -1 -1 0.25 0 -1 -0.0772 -1
0.8907091 1 -1 0.75 0 1 0.8126 -1
0.2240451 -1 -1 0.5 0 1 -0.1027 -1
0.0700396 -1 -1 0.5 0 -1 -0.2183 -1
0.9895905 1 1 0.75 2 1 0.8555 1
0.8077438 1 1 1 1 1 0.8176 1
0.04051348 -1 -1 0.5 1 1 -0.4588 1
0.9844618 1 1 0.75 0 1 0.4404 1
0.8702521 1 -1 0.25 0 1 -0.2755 -1
0.8793338 1 1 1 2 1 0.4767 1
0.0661225 0 -1 1 -3 1 -0.6258 1
0.5 -1 -1 0.25 -2 -1 -0.34 1
0.5 -1 -1 0.5 -2 -1 0 -1
0.5 1 1 1 0 1 0.5563 1
0.2434629 -1 -1 0.25 -3 1 -0.5106 -1
0.5 -1 0 0.25 -2 -1 -0.6597 -1
0.9687045 1 -1 1 0 1 0.6908 1
0.9335563 0 -1 1 0 1 0 1
0.7811431 1 1 1 1 1 0.4767 1
0.9326505 1 -1 0.25 2 1 0.5994 -1
0.1804545 -1 -1 0.5 0 -1 0 1
0.0100781 -1 -1 0.75 -3 -1 -0.0634 1
0.1468608 0 -1 0.5 0 0 0.0772 1
0.7665988 1 0 1 0 1 0.5423 1
0.9823184 1 0 0.75 1 1 0.3612 1
0.5 1 -1 0.75 2 1 0.4201 1
0.1059714 -1 -1 0.25 -1 1 -0.1531 -1
0.5 0 -1 1 1 1 0.4404 -1
0.9926529 1 1 0.75 2 1 0.802 1
0.5 0 0 0.5 0 0 0 -1
0.8872503 1 1 0.75 2 1 0.5267 1
0.9750278 1 -1 0.75 0 1 0.6486 -1
0.05654951 -1 -1 0.75 0 -1 -0.6355 -1
0.940349 1 -1 0.25 0 1 0.5859 -1
0.1174812 -1 -1 0.25 -1 -1 -0.6249 -1
0.006569934 -1 -1 0.5 -1 -1 -0.2263 1
0.9664995 1 1 0.75 1 1 0.7964 1
0.805527 1 1 0.75 1 1 0.4927 -1
0.7986802 0 -1 0.25 1 1 0 -1
0.1975793 1 -1 0.25 0 1 -0.0572 -1
0.04550952 -1 -1 0.25 -2 -1 -0.5423 -1
0.1124338 -1 -1 0.25 -1 -1 -0.1139 -1
0.02593807 -1 -1 0.25 -2 -1 -0.765 -1
0.9249131 1 1 0.5 3 1 0.4753 1
0.1080472 -1 0 0.75 0 1 -0.5499 1
0.9224142 1 -1 1 2 1 0.8481 1
0.2274282 0 -1 0.25 2 1 0.1779 -1
0.04483884 0 -1 0.25 2 -1 -0.5093 -1
0.5 0 1 0.5 -1 -1 0 0
0.1588643 -1 -1 0.25 -1 -1 -0.204 -1
0.8318189 0 0 0.75 0 -1 0.296 1
0.08346023 -1 -1 0.5 -1 -1 0 1
0.9855242 1 0 1 3 1 0.807 1
0.5 1 -1 0.5 0 1 0 1
0.1741276 -1 -1 0 -1 -1 -0.7096 1
0.9978745 1 -1 0.75 0 1 0.6486 1
0.9650906 1 1 1 3 1 0.6696 1
0.9046359 1 -1 0.75 0 1 0.4404 1
0.8615363 1 -1 0.5 0 1 0 -1
0.9877125 1 1 0.75 2 1 0.5574 1
0.9751402 1 0 0.75 2 1 0.5859 1
0.5 0 -1 0.25 0 -1 0.101 1
0.8565203 1 0 1 0 1 0 1
0.9987708 1 1 1 2 1 0.8126 1
0.8270775 1 1 1 2 1 0.6369 1
0.8332597 1 -1 0.25 0 1 0 -1
0.5 1 0 0.75 0 1 0.3818 -1
0.1553241 0 -1 0.5 -1 -1 -0.128 -1
0.0009838094 -1 -1 0 1 -1 -0.6696 -1
0.9647198 1 1 1 2 1 0.4754 1
0.07394266 -1 0 0.5 -1 -1 -0.5574 0
0.5 -1 -1 0.25 0 1 0 0
0.897465 1 0 0 0 1 0.4404 -1
0.9361145 1 -1 0.75 2 1 0.8047 1
0.9989957 1 1 1 2 1 0.7351 1
0.8375081 1 1 0.75 2 1 0.5719 1
0.9462156 -1 1 0.75 -1 1 0.2023 1
0.5 1 -1 0.25 0 1 -0.5652 -1
0.08036279 0 -1 0.25 -2 -1 -0.5423 -1
0.07799448 -1 -1 0.5 -1 -1 -0.6808 -1
0.09972811 -1 -1 0.5 0 0 0 0
0.8044236 1 1 1 0 1 0.5423 1
0.8970058 0 1 0.75 0 1 0 1
0.5 -1 -1 0.25 0 -1 -0.1027 -1
0.1086621 -1 -1 0.5 0 -1 0 -1
0.5 -1 -1 0.25 -2 -1 -0.34 -1
0.5 0 -1 0.5 0 0 0 -1
0.8590379 0 1 0 2 -1 0.128 -1
0.8496667 0 -1 0.25 0 1 0.4404 -1
0.9142029 -1 -1 1 -1 1 0.6483 -1
0.03844936 0 -1 0.25 -1 1 -0.5423 -1
0.9418586 1 1 1 2 1 0.6239 1
0.5 1 -1 0 0 1 -0.296 0
0.9624241 1 1 0.75 1 1 0.5267 1
0.8224558 -1 -1 0.75 -1 -1 -0.5267 -1
0.7634135 0 -1 0.5 0 1 0.3612 -1
0.934136 0 -1 0.75 -2 -1 -0.5994 -1
0.9369771 0 0 0.75 0 1 0.4019 0
0.9826875 1 0 1 2 1 0.836 1
0.8195223 1 1 1 2 1 0.4754 1
0.5 0 -1 0.75 0 1 0.4215 0
0.9926035 1 1 1 2 1 0.8519 1
0.2474725 -1 0 0.25 -2 -1 -0.6678 -1
0.9097598 1 1 0.5 1 1 0.5859 1
0.2422307 0 0 0.25 -1 -1 0 1
0.9991623 1 1 0.75 2 1 0.891 1
0.06791449 -1 -1 0.25 -1 -1 0.1139 0
0.7915962 1 -1 0.75 0 1 -0.4118 -1
0.5 0 -1 0.25 0 -1 0 -1
0.5 0 -1 0.5 0 1 -0.2732 0
0.2164808 -1 -1 0.75 -1 -1 -0.128 1
0.1541704 0 -1 0.25 -3 -1 -0.5423 -1
0.5 0 -1 0.25 -1 1 0 -1
0.5 -1 -1 0 -1 1 0 -1
0.9826517 1 1 0.5 1 1 0.7717 0
0.8488492 0 -1 0.75 0 1 0.3818 0
0.08753936 -1 -1 0.5 -2 -1 -0.3818 -1
0.938057 1 -1 0 1 1 0.8945 1
0.5 1 1 0.75 1 1 0.5411 1
0.7625864 0 -1 0.25 0 -1 -0.3612 -1
0.5 0 1 0.5 1 0 0 -1
0.1997294 0 0 0.5 2 1 0.3802 -1
0.01415506 -1 1 0.25 -3 -1 -0.7951 -1
0.2019135 -1 -1 0.25 -1 -1 -0.3612 -1
0.05749156 -1 -1 0.25 -3 -1 0 -1
0.5 0 -1 0.75 -1 0 -0.4019 -1
0.9042813 1 -1 0.75 -1 1 0.3182 -1
0.1526545 -1 -1 0.25 -1 -1 -0.0772 -1
0.8064918 1 -1 0.75 1 1 0.1007 -1
0.1796218 0 -1 0.25 0 1 0 -1
0.01691894 0 0 0.5 -1 1 -0.6249 -1
0.7404102 0 -1 0.5 0 0 -0.2235 0
0.170317 0 -1 0.25 -2 -1 -0.1796 1
0.5 0 -1 0.5 0 0 0 0
0.8927466 1 -1 0.75 1 1 0.4215 1
0.2408945 0 -1 0.5 0 0 0 0
0.9780526 -1 -1 0.75 -1 -1 0.0865 -1
0.9863429 1 -1 1 1 1 0.8779 1
0.05418201 -1 -1 0.5 -1 -1 -0.5423 -1
0.5 0 -1 0.5 1 1 0.3612 0
0.02141477 -1 -1 0.75 -1 -1 0.5096 1
0.9683376 0 0 1 0 0 0.34 0
0.9566268 0 -1 1 -2 1 0.2263 1
0.9508796 1 0 0.75 0 1 0.4902 -1
0.5 1 0 0.75 0 1 0 0
0.5 1 1 0.5 1 1 0.3818 -1
0.5 0 -1 0.5 0 0 0 -1
0.1352765 -1 -1 0 -1 -1 -0.5719 -1
0.05630608 0 -1 0.25 -3 -1 -0.5719 -1
0.8942364 1 -1 0.25 1 1 0.5106 -1
0.9985396 1 0 0.75 1 1 0.9431 1
0.8503704 0 -1 0.25 -3 -1 -0.1779 0
0.7793816 1 -1 0.75 2 1 0.4215 0
0.9987975 1 1 1 2 1 0.9246 1
0.1026617 0 0 0.5 0 -1 -0.0516 0
0.983693 1 1 1 2 1 0.6249 1
0.9349287 1 0 0 1 1 0.6519 1
0.9452878 -1 1 1 0 1 0.6908 1
0.1346486 -1 -1 0.75 0 0 0.1027 -1
0.002587705 -1 0 0.25 0 -1 -0.8223 0
0.5 -1 0 0.5 -2 -1 0.2714 0
0.9681149 1 0 1 2 1 0.7574 1
0.9908667 0 1 0.75 0 1 0.8442 1
0.9450317 0 -1 0.75 0 1 0.3182 0
0.5 -1 -1 0.25 -2 -1 -0.4588 -1
0.5 1 1 1 1 1 0.6369 0
0.1134989 -1 -1 0.25 0 1 -0.2263 -1
0.5 -1 -1 0.5 0 -1 -0.296 -1
0.823683 0 -1 0 0 -1 -0.5829 0
0.7819278 -1 -1 0.5 0 -1 -0.2411 -1
0.5 -1 0 0.5 0 -1 0 0
0.955029 1 -1 0.75 1 1 0.4215 1
0.8344113 0 1 0.75 0 1 0.3612 1
0.9819381 0 -1 0.5 2 1 0.5574 -1
0.1292764 1 0 0.5 -1 1 -0.765 1
0.006569934 -1 -1 0.5 -1 -1 -0.2263 1
0.9664995 1 1 0.75 1 1 0.7964 1
0.805527 1 1 0.75 1 1 0.4927 -1
0.7986802 0 -1 0.25 1 1 0 0
0.1975793 1 -1 0.25 0 1 -0.0572 -1
0.04550952 -1 -1 0.25 -2 -1 -0.5423 -1
0.1124338 -1 -1 0.25 -1 -1 -0.1139 -1
0.02593807 -1 -1 0.25 -2 -1 -0.765 -1
0.9249131 1 1 0.5 3 1 0.4753 1
0.1080472 -1 0 0.75 0 1 -0.5499 -1
0.9224142 1 -1 1 2 1 0.8481 -1
0.2274282 0 -1 0.25 2 1 0.1779 -1
0.04483884 0 -1 0.25 2 -1 -0.5093 -1
0.5 0 1 0.5 -1 -1 0 0
0.1588643 -1 -1 0.25 -1 -1 -0.204 -1
0.8318189 0 0 0.75 0 -1 0.296 1
0.08346023 -1 -1 0.5 -1 -1 0 1
0.9855242 1 0 1 3 1 0.807 1
0.5 1 -1 0.5 0 1 0 0
0.1741276 -1 -1 0 -1 -1 -0.7096 0
0.9978745 1 -1 0.75 0 1 0.6486 0
0.9650906 1 1 1 3 1 0.6696 1
0.9046359 1 -1 0.75 0 1 0.4404 1
0.8615363 1 -1 0.5 0 1 0 1
0.9877125 1 1 0.75 2 1 0.5574 1
0.9751402 1 0 0.75 2 1 0.5859 1
0.5 0 -1 0.25 0 -1 0.101 -1
0.8565203 1 0 1 0 1 0 1
0.9987708 1 1 1 2 1 0.8126 1
0.8270775 1 1 1 2 1 0.6369 1
0.8332597 1 -1 0.25 0 1 0 -1
0.5 1 0 0.75 0 1 0.3818 -1
0.1553241 0 -1 0.5 -1 -1 -0.128 0
0.0009838094 -1 -1 0 1 -1 -0.6696 -1
0.9647198 1 1 1 2 1 0.4754 1
0.07394266 -1 0 0.5 -1 -1 -0.5574 0
0.5 -1 -1 0.25 0 1 0 0
0.897465 1 0 0 0 1 0.4404 -1
0.9361145 1 -1 0.75 2 1 0.8047 -1
0.9989957 1 1 1 2 1 0.7351 1
0.8375081 1 1 0.75 2 1 0.5719 1
0.9462156 -1 1 0.75 -1 1 0.2023 1
0.5 1 -1 0.25 0 1 -0.5652 -1
0.08036279 0 -1 0.25 -2 -1 -0.5423 0
0.07799448 -1 -1 0.5 -1 -1 -0.6808 -1
0.09972811 -1 -1 0.5 0 0 0 0
0.8044236 1 1 1 0 1 0.5423 1
0.8970058 0 1 0.75 0 1 0 1
0.5 -1 -1 0.25 0 -1 -0.1027 0
0.1086621 -1 -1 0.5 0 -1 0 -1
0.5 -1 -1 0.25 -2 -1 -0.34 -1
0.5 0 -1 0.5 0 0 0 -1
0.8590379 0 1 0 2 -1 0.128 -1
0.8496667 0 -1 0.25 0 1 0.4404 -1
0.9142029 -1 -1 1 -1 1 0.6483 0
0.03844936 0 -1 0.25 -1 1 -0.5423 -1
0.9418586 1 1 1 2 1 0.6239 1
0.5 1 -1 0 0 1 -0.296 -1
0.9624241 1 1 0.75 1 1 0.5267 1
0.8224558 -1 -1 0.75 -1 -1 -0.5267 0
0.7634135 0 -1 0.5 0 1 0.3612 0
0.934136 0 -1 0.75 -2 -1 -0.5994 -1
0.9369771 0 0 0.75 0 1 0.4019 1
0.9826875 1 0 1 2 1 0.836 1
0.8195223 1 1 1 2 1 0.4754 1
0.5 0 -1 0.75 0 1 0.4215 0
0.9926035 1 1 1 2 1 0.8519 1
0.2474725 -1 0 0.25 -2 -1 -0.6678 -1
0.9097598 1 1 0.5 1 1 0.5859 1
0.2422307 0 0 0.25 -1 -1 0 0
0.9991623 1 1 0.75 2 1 0.891 1
0.06791449 -1 -1 0.25 -1 -1 0.1139 -1
0.7915962 1 -1 0.75 0 1 -0.4118 -1
0.5 0 -1 0.25 0 -1 0 -1
0.5 0 -1 0.5 0 1 -0.2732 0
0.2164808 -1 -1 0.75 -1 -1 -0.128 0
0.1541704 0 -1 0.25 -3 -1 -0.5423 -1
0.5 0 -1 0.25 -1 1 0 -1
0.5 -1 -1 0 -1 1 0 -1
0.9826517 1 1 0.5 1 1 0.7717 1
0.8488492 0 -1 0.75 0 1 0.3818 0
0.08753936 -1 -1 0.5 -2 -1 -0.3818 -1
0.938057 1 -1 0 1 1 0.8945 0
0.5 1 1 0.75 1 1 0.5411 0
0.7625864 0 -1 0.25 0 -1 -0.3612 0
0.5 0 1 0.5 1 0 0 -1
0.1997294 0 0 0.5 2 1 0.3802 -1
0.01415506 -1 1 0.25 -3 -1 -0.7951 -1
0.2019135 -1 -1 0.25 -1 -1 -0.3612 -1
0.05749156 -1 -1 0.25 -3 -1 0 -1
0.5 0 -1 0.75 -1 0 -0.4019 -1
0.9042813 1 -1 0.75 -1 1 0.3182 1
0.1526545 -1 -1 0.25 -1 -1 -0.0772 -1
0.8064918 1 -1 0.75 1 1 0.1007 -1
0.1796218 0 -1 0.25 0 1 0 -1
0.01691894 0 0 0.5 -1 1 -0.6249 -1
0.7404102 0 -1 0.5 0 0 -0.2235 0
0.170317 0 -1 0.25 -2 -1 -0.1796 1
0.5 0 -1 0.5 0 0 0 0
0.9868841 0 -1 0.75 0 1 0.5859 0
0.825723 0 0 0.75 1 1 0.3802 -1
0.5 0 -1 0.25 0 -1 -0.296 0
0.1347706 0 0 0.25 -1 -1 0.1027 0
0.05488941 -1 -1 0.25 -2 -1 -0.6908 0
0.2608407 -1 -1 0.25 0 -1 -0.2406 -1
0.5 -1 -1 0.25 -1 -1 -0.4019 -1
0.07530988 -1 -1 0.5 -4 -1 -0.8964 0
0.8624603 1 -1 0.75 0 1 0.6486 1
0.1862546 1 1 0.25 0 1 -0.0516 0
0.5 1 0 0.5 1 1 0.3612 -1
0.1670096 0 1 0.5 0 1 -0.2263 -1
0.8000682 1 -1 1 0 1 0.2023 -1
0.9204352 0 0 1 0 1 0 -1
0.2129513 -1 -1 0 -1 -1 -0.128 0
0.9961198 1 0 0.5 1 1 0.8126 1
0.1561326 -1 0 0.25 -3 -1 -0.4588 -1
0.841794 0 -1 0.75 -1 -1 0.34 -1
0.5 0 -1 0.25 0 0 0 -1
0.08976538 -1 -1 0.75 -2 -1 0.4588 -1
0.5 0 1 0.5 2 0 0 1
0.8342452 1 -1 0.75 1 1 0.7968 0
0.5 -1 0 0.25 -1 -1 -0.25 -1
0.005469851 -1 -1 0.5 -2 0 -0.4754 0
0.07674474 -1 -1 0.25 0 0 0 -1
0.9783152 1 -1 0.75 3 1 0.9168 1
0.0003951644 -1 -1 0.25 -4 -1 -0.765 -1
0.8994877 0 0 0.25 0 1 0.6486 -1
0.1302763 0 1 0.5 0 1 0 1
0.5 0 -1 0.5 0 0 0 -1
0.9182199 0 1 0.25 -2 1 0.5093 -1
0.9630159 0 -1 0.75 0 1 0 -1
0.5 0 -1 0.75 1 -1 0.4019 0
0.09540195 -1 -1 0 -2 -1 -0.7506 -1
0.8865637 1 1 0.75 1 1 0.4404 1
0.8801188 1 0 0.75 0 1 0 0
0.1280808 0 -1 0.5 0 0 -0.1531 0
0.5 0 -1 0.5 0 0 0 0
0.8762622 0 -1 0.25 0 -1 0.2883 0
0.9199148 1 1 0.75 2 1 0.7506 1
0.1292764 1 0 0.5 -1 1 -0.765 -1
0.006569934 -1 -1 0.5 -1 -1 -0.2263 -1
0.9664995 1 1 0.75 1 1 0.7964 1
0.805527 1 1 0.75 1 1 0.4927 -1
0.7986802 0 -1 0.25 1 1 0 -1
0.1975793 1 -1 0.25 0 1 -0.0572 -1
0.04550952 -1 -1 0.25 -2 -1 -0.5423 -1
0.1124338 -1 -1 0.25 -1 -1 -0.1139 -1
0.02593807 -1 -1 0.25 -2 -1 -0.765 -1
0.9249131 1 1 0.5 3 1 0.4753 1
0.1080472 -1 0 0.75 0 1 -0.5499 -1
0.9224142 1 -1 1 2 1 0.8481 0
0.2274282 0 -1 0.25 2 1 0.1779 1
0.04483884 0 -1 0.25 2 -1 -0.5093 1
0.5 0 1 0.5 -1 -1 0 0
0.1588643 -1 -1 0.25 -1 -1 -0.204 -1
0.8318189 0 0 0.75 0 -1 0.296 1
0.08346023 -1 -1 0.5 -1 -1 0 -1
0.9855242 1 0 1 3 1 0.807 1
0.5 1 -1 0.5 0 1 0 1
0.1741276 -1 -1 0 -1 -1 -0.7096 -1
0.9978745 1 -1 0.75 0 1 0.6486 1
0.9650906 1 1 1 3 1 0.6696 1
0.9046359 1 -1 0.75 0 1 0.4404 1
0.8615363 1 -1 0.5 0 1 0 0
0.9877125 1 1 0.75 2 1 0.5574 1
0.9751402 1 0 0.75 2 1 0.5859 1
0.5 0 -1 0.25 0 -1 0.101 -1
0.8565203 1 0 1 0 1 0 1
0.9987708 1 1 1 2 1 0.8126 1
0.8270775 1 1 1 2 1 0.6369 1
0.8332597 1 -1 0.25 0 1 0 -1
0.5 1 0 0.75 0 1 0.3818 -1
0.1553241 0 -1 0.5 -1 -1 -0.128 -1
0.0009838094 -1 -1 0 1 -1 -0.6696 1
0.9647198 1 1 1 2 1 0.4754 1
0.07394266 -1 0 0.5 -1 -1 -0.5574 1
0.5 -1 -1 0.25 0 1 0 1
0.897465 1 0 0 0 1 0.4404 -1
0.9361145 1 -1 0.75 2 1 0.8047 1
0.9989957 1 1 1 2 1 0.7351 1
0.8375081 1 1 0.75 2 1 0.5719 1
0.9462156 -1 1 0.75 -1 1 0.2023 1
0.5 1 -1 0.25 0 1 -0.5652 -1
0.08036279 0 -1 0.25 -2 -1 -0.5423 1
0.07799448 -1 -1 0.5 -1 -1 -0.6808 -1
0.09972811 -1 -1 0.5 0 0 0 -1
0.8044236 1 1 1 0 1 0.5423 1
0.8970058 0 1 0.75 0 1 0 1
0.5 -1 -1 0.25 0 -1 -0.1027 -1
0.1086621 -1 -1 0.5 0 -1 0 -1
0.5 -1 -1 0.25 -2 -1 -0.34 -1
0.5 0 -1 0.5 0 0 0 -1
0.8590379 0 1 0 2 -1 0.128 -1
0.8496667 0 -1 0.25 0 1 0.4404 -1
0.9142029 -1 -1 1 -1 1 0.6483 -1
0.03844936 0 -1 0.25 -1 1 -0.5423 -1
0.9418586 1 1 1 2 1 0.6239 1
0.5 1 -1 0 0 1 -0.296 -1
0.9624241 1 1 0.75 1 1 0.5267 1
0.8224558 -1 -1 0.75 -1 -1 -0.5267 1
0.7634135 0 -1 0.5 0 1 0.3612 -1
0.934136 0 -1 0.75 -2 -1 -0.5994 -1
0.9369771 0 0 0.75 0 1 0.4019 -1
0.9826875 1 0 1 2 1 0.836 1
0.8195223 1 1 1 2 1 0.4754 1
0.5 0 -1 0.75 0 1 0.4215 1
0.9926035 1 1 1 2 1 0.8519 0
0.2474725 -1 0 0.25 -2 -1 -0.6678 -1
0.9097598 1 1 0.5 1 1 0.5859 1
0.2422307 0 0 0.25 -1 -1 0 -1
0.9991623 1 1 0.75 2 1 0.891 1
0.06791449 -1 -1 0.25 -1 -1 0.1139 0
0.7915962 1 -1 0.75 0 1 -0.4118 -1
0.5 0 -1 0.25 0 -1 0 -1
0.5 0 -1 0.5 0 1 -0.2732 1
0.2164808 -1 -1 0.75 -1 -1 -0.128 -1
0.1541704 0 -1 0.25 -3 -1 -0.5423 -1
0.5 0 -1 0.25 -1 1 0 -1
0.5 -1 -1 0 -1 1 0 -1
0.9826517 1 1 0.5 1 1 0.7717 1
0.8488492 0 -1 0.75 0 1 0.3818 -1
0.08753936 -1 -1 0.5 -2 -1 -0.3818 -1
0.938057 1 -1 0 1 1 0.8945 -1
0.5 1 1 0.75 1 1 0.5411 0
0.7625864 0 -1 0.25 0 -1 -0.3612 0
0.5 0 1 0.5 1 0 0 1
0.1997294 0 0 0.5 2 1 0.3802 0
0.01415506 -1 1 0.25 -3 -1 -0.7951 1
0.2019135 -1 -1 0.25 -1 -1 -0.3612 -1
0.05749156 -1 -1 0.25 -3 -1 0 -1
0.5 0 -1 0.75 -1 0 -0.4019 -1
0.9042813 1 -1 0.75 -1 1 0.3182 -1
0.1526545 -1 -1 0.25 -1 -1 -0.0772 -1
0.8064918 1 -1 0.75 1 1 0.1007 -1
0.1796218 0 -1 0.25 0 1 0 -1
0.01691894 0 0 0.5 -1 1 -0.6249 -1
0.7404102 0 -1 0.5 0 0 -0.2235 -1
0.170317 0 -1 0.25 -2 -1 -0.1796 1
0.5 0 -1 0.5 0 0 0 0
0.7574922 0 -1 0.5 0 1 0 -1
0.9284884 1 1 0.75 1 1 0.4404 1
0.5 0 -1 0.5 0 0 0 1
0.5 -1 -1 0.25 -1 1 0 0
0.7373784 1 -1 0.25 0 1 -0.2924 -1
0.9717202 1 -1 0.75 0 1 0.5574 1
0.9064796 1 -1 0.75 0 1 -0.1761 1
0.7979147 1 1 1 2 1 0.6249 1
0.1613675 -1 -1 0.25 -1 -1 -0.3182 -1
0.9778328 1 1 0.75 2 1 0.6705 1
0.1972495 -1 -1 0.25 1 -1 0.126 1
0.961181 1 0 0.75 2 1 0.3506 -1
0.9600498 0 -1 0.75 3 1 0.8356 1
0.8667756 1 -1 0.75 0 1 0.5563 0
0.877724 -1 0 0.5 0 0 -0.2263 -1
0.9990077 1 1 0.75 2 1 0.6705 1
0.9953116 0 0 0.75 -1 1 0.6908 1
0.06754707 -1 -1 0.25 -1 -1 -0.5423 -1
0.1120518 -1 -1 0.25 -1 -1 -0.4019 -1
0.853146 0 0 1 1 0 0.4404 1
0.2029756 -1 -1 0.25 -1 -1 -0.296 -1
0.1426851 1 -1 0.5 0 1 0.7579 -1
0.5 1 0 0.75 1 1 0.5848 1
0.2329797 1 -1 0.25 0 1 -0.1877 -1
0.9047035 0 0 0.75 0 1 0 -1
0.09588091 -1 -1 0.25 -1 -1 -0.5719 -1
0.1637038 0 -1 0.25 1 1 -0.3182 1
0.7996681 1 1 1 3 1 0.6697 1
0.2457229 0 -1 0.5 0 0 -0.1779 -1
0.7731028 1 -1 0.25 0 1 -0.2924 0
0.09266432 -1 0 0.25 -1 -1 -0.296 -1
0.862497 1 1 0.75 0 1 0.2732 -1
0.9776964 0 -1 0.25 -1 1 -0.1531 1
0.9283391 1 1 1 2 1 0.3798 1
0.9736845 0 0 0.75 1 1 0.6124 -1
0.5 0 0 1 0 1 0.3612 1
0.5 0 -1 0.75 0 1 0 0
0.9921268 0 0 0.75 1 1 0.7845 0
0.991239 0 1 0.25 1 1 0.6418 1
0.07877618 0 1 0.75 0 -1 0 -1
0.1292764 1 0 0.5 -1 1 -0.765 1
0.006569934 -1 -1 0.5 -1 -1 -0.2263 1
0.9664995 1 1 0.75 1 1 0.7964 1
0.805527 1 1 0.75 1 1 0.4927 -1
0.7986802 0 -1 0.25 1 1 0 -1
0.1975793 1 -1 0.25 0 1 -0.0572 -1
0.04550952 -1 -1 0.25 -2 -1 -0.5423 -1
0.1124338 -1 -1 0.25 -1 -1 -0.1139 -1
0.02593807 -1 -1 0.25 -2 -1 -0.765 -1
0.9249131 1 1 0.5 3 1 0.4753 1
0.1080472 -1 0 0.75 0 1 -0.5499 -1
0.9224142 1 -1 1 2 1 0.8481 -1
0.2274282 0 -1 0.25 2 1 0.1779 -1
0.04483884 0 -1 0.25 2 -1 -0.5093 -1
0.5 0 1 0.5 -1 -1 0 0
0.1588643 -1 -1 0.25 -1 -1 -0.204 -1
0.8318189 0 0 0.75 0 -1 0.296 1
0.08346023 -1 -1 0.5 -1 -1 0 -1
0.9855242 1 0 1 3 1 0.807 1
0.5 1 -1 0.5 0 1 0 0
0.1741276 -1 -1 0 -1 -1 -0.7096 -1
0.9978745 1 -1 0.75 0 1 0.6486 1
0.9650906 1 1 1 3 1 0.6696 1
0.9046359 1 -1 0.75 0 1 0.4404 1
0.8615363 1 -1 0.5 0 1 0 1
0.9877125 1 1 0.75 2 1 0.5574 1
0.9751402 1 0 0.75 2 1 0.5859 1
0.5 0 -1 0.25 0 -1 0.101 -1
0.8565203 1 0 1 0 1 0 1
0.9987708 1 1 1 2 1 0.8126 1
0.8270775 1 1 1 2 1 0.6369 1
0.8332597 1 -1 0.25 0 1 0 -1
0.5 1 0 0.75 0 1 0.3818 -1
0.1553241 0 -1 0.5 -1 -1 -0.128 0
0.0009838094 -1 -1 0 1 -1 -0.6696 1
0.9647198 1 1 1 2 1 0.4754 1
0.07394266 -1 0 0.5 -1 -1 -0.5574 0
0.5 -1 -1 0.25 0 1 0 0
0.897465 1 0 0 0 1 0.4404 -1
0.9361145 1 -1 0.75 2 1 0.8047 -1
0.9989957 1 1 1 2 1 0.7351 1
0.8375081 1 1 0.75 2 1 0.5719 1
0.9462156 -1 1 0.75 -1 1 0.2023 1
0.5 1 -1 0.25 0 1 -0.5652 -1
0.08036279 0 -1 0.25 -2 -1 -0.5423 -1
0.07799448 -1 -1 0.5 -1 -1 -0.6808 -1
0.09972811 -1 -1 0.5 0 0 0 -1
0.8044236 1 1 1 0 1 0.5423 1
0.8970058 0 1 0.75 0 1 0 1
0.5 -1 -1 0.25 0 -1 -0.1027 -1
0.1086621 -1 -1 0.5 0 -1 0 -1
0.5 -1 -1 0.25 -2 -1 -0.34 -1
0.5 0 -1 0.5 0 0 0 -1
0.8590379 0 1 0 2 -1 0.128 -1
0.8496667 0 -1 0.25 0 1 0.4404 -1
0.9142029 -1 -1 1 -1 1 0.6483 -1
0.03844936 0 -1 0.25 -1 1 -0.5423 -1
0.9418586 1 1 1 2 1 0.6239 1
0.5 1 -1 0 0 1 -0.296 -1
0.9624241 1 1 0.75 1 1 0.5267 1
0.8224558 -1 -1 0.75 -1 -1 -0.5267 0
0.7634135 0 -1 0.5 0 1 0.3612 -1
0.934136 0 -1 0.75 -2 -1 -0.5994 1
0.9369771 0 0 0.75 0 1 0.4019 0
0.9826875 1 0 1 2 1 0.836 1
0.8195223 1 1 1 2 1 0.4754 1
0.5 0 -1 0.75 0 1 0.4215 -1
0.9926035 1 1 1 2 1 0.8519 1
0.2474725 -1 0 0.25 -2 -1 -0.6678 -1
0.9097598 1 1 0.5 1 1 0.5859 -1
0.2422307 0 0 0.25 -1 -1 0 -1
0.9991623 1 1 0.75 2 1 0.891 1
0.06791449 -1 -1 0.25 -1 -1 0.1139 -1
0.7915962 1 -1 0.75 0 1 -0.4118 -1
0.5 0 -1 0.25 0 -1 0 -1
0.5 0 -1 0.5 0 1 -0.2732 1
0.2164808 -1 -1 0.75 -1 -1 -0.128 -1
0.1541704 0 -1 0.25 -3 -1 -0.5423 -1
0.5 0 -1 0.25 -1 1 0 -1
0.5 -1 -1 0 -1 1 0 -1
0.9826517 1 1 0.5 1 1 0.7717 -1
0.8488492 0 -1 0.75 0 1 0.3818 0
0.08753936 -1 -1 0.5 -2 -1 -0.3818 -1
0.938057 1 -1 0 1 1 0.8945 -1
0.5 1 1 0.75 1 1 0.5411 0
0.7625864 0 -1 0.25 0 -1 -0.3612 0
0.5 0 1 0.5 1 0 0 1
0.1997294 0 0 0.5 2 1 0.3802 1
0.01415506 -1 1 0.25 -3 -1 -0.7951 0
0.2019135 -1 -1 0.25 -1 -1 -0.3612 -1
0.05749156 -1 -1 0.25 -3 -1 0 -1
0.5 0 -1 0.75 -1 0 -0.4019 -1
0.9042813 1 -1 0.75 -1 1 0.3182 1
0.1526545 -1 -1 0.25 -1 -1 -0.0772 -1
0.8064918 1 -1 0.75 1 1 0.1007 -1
0.1796218 0 -1 0.25 0 1 0 -1
0.01691894 0 0 0.5 -1 1 -0.6249 -1
0.7404102 0 -1 0.5 0 0 -0.2235 1
0.170317 0 -1 0.25 -2 -1 -0.1796 -1
0.5 0 -1 0.5 0 0 0 0
0.1333433 -1 -1 0.75 -1 1 0.7003 1
0.9727657 1 1 0.75 -1 1 0.9001 1
0.9663932 1 -1 0.75 2 1 0.8655 1
0.9991132 1 1 1 2 1 0.8439 1
0.2247516 -1 -1 0.75 0 -1 0.6771 1
0.9267437 0 -1 0.75 -1 -1 0.25 -1
0.9991448 1 1 1 2 1 0.9524 1
0.5 -1 -1 0.25 -1 -1 0 0
0.05609211 1 -1 0.25 -2 1 -0.5426 -1
0.9996083 1 1 1 2 1 0.9116 1
0.5 0 0 0.5 0 0 0 0
0.1541326 1 -1 0.25 1 -1 -0.5574 -1
0.8434499 1 -1 0.25 -2 1 -0.2746 -1
0.5 0 -1 0.25 0 0 0 0
0.0252029 -1 -1 0.25 -3 -1 -0.8519 -1
0.5 1 1 0.75 2 1 0.6486 1
0.8502644 0 0 0.5 0 0 0.3182 -1
0.173744 -1 -1 0.5 1 1 0.3612 1
0.8829789 1 -1 0.75 1 1 0.4445 1
0.002623359 -1 -1 0.25 -1 -1 -0.7778 -1
0.8847269 1 0 0.5 0 1 0 1
0.01754373 -1 0 0.25 -1 -1 -0.6428 -1
0.01174587 -1 0 0 -3 -1 -0.5423 0
0.2545452 1 -1 0.5 0 1 -0.2755 0
0.1271575 -1 -1 0.25 -1 -1 -0.6597 -1
0.5 0 -1 0 -3 1 -0.7783 -1
0.2375638 1 -1 1 1 -1 0.1513 1
0.03406604 -1 -1 0 -2 -1 -0.1761 -1
0.5 1 -1 0.75 1 1 0.3612 -1
0.1532908 -1 1 0.75 -2 -1 -0.5574 -1
0.5 0 -1 0.75 2 1 0 -1
0.009858542 -1 -1 0.25 -2 -1 -0.8586 -1
0.7505332 1 0 1 1 1 0.6239 1
0.8142069 1 -1 1 1 1 0.34 1
0.9015928 1 -1 1 0 1 0.3612 -1
0.2309399 1 -1 0.75 1 1 0.3612 1
0.5 1 -1 0.75 0 1 0.0772 1
0.7908617 0 1 1 2 1 0.5994 1
0.02632894 -1 -1 0.25 -1 -1 -0.3612 -1
0.1734335 -1 -1 0.25 -1 -1 -0.1027 -1
0.1292764 1 0 0.5 -1 1 -0.765 1
0.006569934 -1 -1 0.5 -1 -1 -0.2263 1
0.9664995 1 1 0.75 1 1 0.7964 1
0.805527 1 1 0.75 1 1 0.4927 -1
0.7986802 0 -1 0.25 1 1 0 1
0.1975793 1 -1 0.25 0 1 -0.0572 -1
0.04550952 -1 -1 0.25 -2 -1 -0.5423 -1
0.1124338 -1 -1 0.25 -1 -1 -0.1139 -1
0.02593807 -1 -1 0.25 -2 -1 -0.765 -1
0.9249131 1 1 0.5 3 1 0.4753 1
0.1080472 -1 0 0.75 0 1 -0.5499 1
0.9224142 1 -1 1 2 1 0.8481 1
0.2274282 0 -1 0.25 2 1 0.1779 1
0.04483884 0 -1 0.25 2 -1 -0.5093 0
0.5 0 1 0.5 -1 -1 0 1
0.1588643 -1 -1 0.25 -1 -1 -0.204 0
0.8318189 0 0 0.75 0 -1 0.296 1
0.08346023 -1 -1 0.5 -1 -1 0 0
0.9855242 1 0 1 3 1 0.807 1
0.5 1 -1 0.5 0 1 0 1
0.1741276 -1 -1 0 -1 -1 -0.7096 -1
0.9978745 1 -1 0.75 0 1 0.6486 1
0.9650906 1 1 1 3 1 0.6696 1
0.9046359 1 -1 0.75 0 1 0.4404 1
0.8615363 1 -1 0.5 0 1 0 -1
0.9877125 1 1 0.75 2 1 0.5574 1
0.9751402 1 0 0.75 2 1 0.5859 1
0.5 0 -1 0.25 0 -1 0.101 -1
0.8565203 1 0 1 0 1 0 1
0.9987708 1 1 1 2 1 0.8126 1
0.8270775 1 1 1 2 1 0.6369 1
0.8332597 1 -1 0.25 0 1 0 -1
0.5 1 0 0.75 0 1 0.3818 -1
0.1553241 0 -1 0.5 -1 -1 -0.128 -1
0.0009838094 -1 -1 0 1 -1 -0.6696 -1
0.9647198 1 1 1 2 1 0.4754 0
0.07394266 -1 0 0.5 -1 -1 -0.5574 0
0.5 -1 -1 0.25 0 1 0 0
0.897465 1 0 0 0 1 0.4404 -1
0.9361145 1 -1 0.75 2 1 0.8047 0
0.9989957 1 1 1 2 1 0.7351 1
0.8375081 1 1 0.75 2 1 0.5719 1
0.9462156 -1 1 0.75 -1 1 0.2023 1
0.5 1 -1 0.25 0 1 -0.5652 -1
0.08036279 0 -1 0.25 -2 -1 -0.5423 1
0.07799448 -1 -1 0.5 -1 -1 -0.6808 0
0.09972811 -1 -1 0.5 0 0 0 1
0.8044236 1 1 1 0 1 0.5423 1
0.8970058 0 1 0.75 0 1 0 1
0.5 -1 -1 0.25 0 -1 -0.1027 -1
0.1086621 -1 -1 0.5 0 -1 0 -1
0.5 -1 -1 0.25 -2 -1 -0.34 -1
0.5 0 -1 0.5 0 0 0 -1
0.8590379 0 1 0 2 -1 0.128 -1
0.8496667 0 -1 0.25 0 1 0.4404 -1
0.9142029 -1 -1 1 -1 1 0.6483 -1
0.03844936 0 -1 0.25 -1 1 -0.5423 -1
0.9418586 1 1 1 2 1 0.6239 1
0.5 1 -1 0 0 1 -0.296 0
0.9624241 1 1 0.75 1 1 0.5267 1
0.8224558 -1 -1 0.75 -1 -1 -0.5267 -1
0.7634135 0 -1 0.5 0 1 0.3612 -1
0.934136 0 -1 0.75 -2 -1 -0.5994 -1
0.9369771 0 0 0.75 0 1 0.4019 1
0.9826875 1 0 1 2 1 0.836 1
0.8195223 1 1 1 2 1 0.4754 1
0.5 0 -1 0.75 0 1 0.4215 1
0.9926035 1 1 1 2 1 0.8519 1
0.2474725 -1 0 0.25 -2 -1 -0.6678 -1
0.9097598 1 1 0.5 1 1 0.5859 1
0.2422307 0 0 0.25 -1 -1 0 1
0.9991623 1 1 0.75 2 1 0.891 1
0.06791449 -1 -1 0.25 -1 -1 0.1139 -1
0.7915962 1 -1 0.75 0 1 -0.4118 -1
0.5 0 -1 0.25 0 -1 0 -1
0.5 0 -1 0.5 0 1 -0.2732 -1
0.2164808 -1 -1 0.75 -1 -1 -0.128 -1
0.1541704 0 -1 0.25 -3 -1 -0.5423 -1
0.5 0 -1 0.25 -1 1 0 -1
0.5 -1 -1 0 -1 1 0 -1
0.9826517 1 1 0.5 1 1 0.7717 -1
0.8488492 0 -1 0.75 0 1 0.3818 1
0.08753936 -1 -1 0.5 -2 -1 -0.3818 -1
0.938057 1 -1 0 1 1 0.8945 -1
0.5 1 1 0.75 1 1 0.5411 -1
0.7625864 0 -1 0.25 0 -1 -0.3612 -1
0.5 0 1 0.5 1 0 0 -1
0.1997294 0 0 0.5 2 1 0.3802 1
0.01415506 -1 1 0.25 -3 -1 -0.7951 -1
0.2019135 -1 -1 0.25 -1 -1 -0.3612 -1
0.05749156 -1 -1 0.25 -3 -1 0 -1
0.5 0 -1 0.75 -1 0 -0.4019 -1
0.9042813 1 -1 0.75 -1 1 0.3182 1
0.1526545 -1 -1 0.25 -1 -1 -0.0772 -1
0.8064918 1 -1 0.75 1 1 0.1007 -1
0.1796218 0 -1 0.25 0 1 0 -1
0.01691894 0 0 0.5 -1 1 -0.6249 -1
0.7404102 0 -1 0.5 0 0 -0.2235 0
0.170317 0 -1 0.25 -2 -1 -0.1796 1
0.5 0 -1 0.5 0 0 0 0
0.9966251 0 1 0.75 0 1 0.6808 0
0.8951716 0 -1 0.75 0 -1 0.3182 1
0.850175 1 -1 0.75 -1 1 -0.0258 -1
0.1116659 0 0 0.25 -3 -1 0.0644 1
0.850306 1 1 0.75 1 1 0.4404 1
0.9753971 1 1 0.75 0 1 0.6908 -1
0.16002 0 -1 0.75 -1 1 0.0972 1
0.7068451 1 1 0.5 0 1 0 0
0.7633119 0 -1 0.75 0 1 0.3182 1
0.2887347 0 -1 0.5 0 0 0 -1
0.001524736 -1 -1 0.25 -3 -1 -0.8779 -1
0.9664681 1 1 0.75 1 1 0.4215 1
0.09295751 -1 -1 0.75 -1 0 0.296 -1
0.5 -1 -1 0.5 -3 -1 -0.6597 -1
0.1218678 0 1 0.25 -1 1 -0.3612 1
0.8735332 0 -1 0.5 0 1 -0.2057 -1
0.296484 -1 0 0.5 -1 -1 0.25 -1
0.8072389 1 -1 1 1 1 0.75 -1
0.5 0 -1 0.25 0 0 0 1
0.9618593 1 0 0.5 0 1 0.5574 1
0.9999382 1 0 0.75 3 1 0.5984 1
0.141847 0 -1 0.5 0 1 -0.2755 -1
0.0009966332 -1 -1 0.75 -3 -1 -0.6249 -1
0.5 -1 -1 0.75 -2 1 0 -1
0.5 0 0 0.5 0 1 0.0772 1
0.9993098 1 -1 0.75 1 1 0.8689 1
0.1292517 -1 -1 0.25 0 1 -0.3291 -1
0.719378 0 1 0.75 -1 -1 0.1531 1
0.8684352 0 -1 0.75 0 1 0.5945 1
0.5 1 0 0.25 1 1 0.3612 0
0.9121205 1 1 0.5 0 1 0.3818 1
0.8244174 -1 0 0.25 -2 -1 -0.7662 1
0.2054817 -1 -1 0.25 0 1 -0.2665 -1
0.05346959 -1 -1 0.75 -2 -1 -0.5574 1
0.01968672 -1 -1 0 -3 -1 -0.7783 -1
0.9999403 1 0 1 3 1 0.9412 -1
0.9789939 1 -1 0.75 1 1 0.4287 -1
0.8396634 -1 -1 0.75 -2 1 -0.0772 1
0.9691192 0 -1 0.75 -3 -1 0.3818 0
0.5 -1 0 0.25 -1 -1 -0.2732 -1