0.7210193 -1 1 1 0 -1 0 1
0.8880782 1 -1 1 1 1 0.4549 1
0.9906909 1 0 1 3 1 0.8858 1
0.9431385 1 0 1 1 1 0.4926 1
0.9645349 0 -1 1 1 1 0.4404 1
0.05463222 -1 -1 1 -2 -1 -0.479 1
0.9720613 0 -1 1 3 0 0.6588 1
0.949477 1 1 1 3 1 0.6588 1
0.9329343 1 1 1 1 1 0.6369 1
0.9817207 0 0 1 2 1 0.6908 1
0.8186464 -1 1 1 1 -1 0.6209 1
0.2448698 -1 0 1 1 -1 0.5216 1
0.9810598 1 -1 1 3 1 0.855 1
0.9895594 1 1 1 2 1 0.9186 1
0.9810598 1 1 1 3 1 0.855 1
0.9266041 1 -1 1 1 1 0.7707 1
0.8429888 -1 -1 1 0 -1 0.5106 1
0.959476 0 -1 1 0 1 0.5106 1
0.7786336 0 -1 1 0 -1 -0.1779 1
0.9396192 -1 -1 1 1 1 0.4404 1
0.9314411 0 0 1 2 1 0.5399 1
0.5 0 -1 1 0 -1 0 1
0.7857663 1 1 1 1 1 0 1
0.8413316 1 1 1 3 1 0.658 1
0.9501018 1 1 1 2 1 0.5859 1
0.5 1 -1 1 2 1 0.5093 1
0.5 1 1 1 2 1 0.5093 1
0.2077752 0 0 1 -2 0 -0.3612 1
0.9132177 0 -1 1 2 1 0.6249 1
0.765265 0 0 1 0 0 0 1
0.1346079 0 -1 1 0 0 -0.296 1
0.8079993 1 1 1 1 1 0.7841 1
0.146679 1 0 1 1 1 0.8876 1
0.5 0 -1 1 0 0 0 1
0.8608469 0 -1 1 0 0 0.2263 1
0.5 1 1 1 0 1 0.2732 1
0.7631632 0 1 1 0 1 0.4019 1
0.8166984 1 -1 1 2 1 0.636 1
0.254563 1 -1 1 2 1 0.4199 1
0.9705494 0 0 1 0 1 0.3182 1
0.9800127 1 1 1 0 1 0.4215 1
0.2058027 0 0 1 -2 -1 0.3786 1
0.9789808 1 -1 1 0 1 0.4404 1
0.8466285 -1 -1 1 2 -1 0.7074 1
0.2053399 1 -1 1 0 1 0.6124 1
0.912014 -1 -1 1 0 1 -0.3561 1
0.9284536 0 1 1 1 1 0.7177 1
0.9822738 0 0 1 1 1 0.4404 1
0.9555915 1 1 1 3 1 0.7345 1
0.9729031 1 -1 1 1 1 0.3612 1
0.1569942 -1 -1 1 1 -1 -0.5848 1
0.86132 1 -1 1 3 1 0.5994 1
0.9687079 1 0 1 3 1 0.7845 1
0.7632419 1 -1 1 2 1 0.6249 1
0.9464205 0 0 1 1 1 0.2449 1
0.1223773 0 -1 1 -2 -1 -0.1027 1
0.9873205 1 1 1 3 1 0.8011 1
0.8729994 0 0 1 2 0 0.8478 1
0.9734021 1 1 1 3 1 0.6588 1
0.9250181 1 1 1 4 1 0.636 1
0.9978453 1 -1 1 1 1 0.8602 1
0.9644557 1 0 1 2 1 0.6249 1
0.8891076 1 -1 1 0 1 0 1
0.2578077 1 1 1 3 1 0.6696 1
0.5 0 -1 1 1 0 0 1
0.9984112 1 1 1 3 1 0.8932 1
0.02794391 -1 -1 1 -1 1 -0.5106 1
0.9829809 1 -1 1 3 1 0.8126 1
0.7720465 0 -1 1 0 0 0 1
0.5 0 -1 1 0 0 0 1
0.1577556 0 0 1 2 0 0.8126 1
0.5 0 -1 1 0 0 0 1
0.5 1 -1 1 1 1 0 1
0.2250922 1 1 1 2 1 0.5719 1
0.03331276 -1 -1 1 -1 -1 -0.296 1
0.5 1 0 1 1 1 0.3382 1
0.9403368 1 -1 1 2 1 0.8016 1
0.5 -1 -1 1 -1 -1 -0.5216 1
0.5 0 1 1 0 0 0 1
0.5 1 1 1 2 1 0.4199 1
0.9879639 0 -1 1 1 1 0.4404 1
0.9966518 1 1 1 1 1 0.6808 1
0.01625968 1 -1 1 2 1 0.5374 1
0.5 1 1 1 1 1 0 1
0.8846486 1 -1 1 2 0 0.948 1
0.166841 1 -1 1 2 1 0.8458 1
0.955024 1 -1 1 1 1 0.3612 1
0.9028303 1 -1 1 2 1 0.2023 1
0.9932687 1 1 1 1 1 0.8705 1
0.9879655 1 0 1 3 1 0.8858 1
0.9879655 1 1 1 3 1 0.8858 1
0.9879655 1 1 1 3 1 0.8858 1
0.1604794 0 -1 1 1 0 0.8834 1
0.9467243 1 1 1 2 1 0.8442 1
0.7713765 1 1 1 1 1 0.6369 1
0.9805804 1 0 1 3 1 0.8677 1
0.9920255 1 1 1 2 1 0.8316 1
0.5 1 0 1 0 1 0 1
0.9201276 1 0 1 3 1 0.5994 1
0.9515854 1 1 1 0 1 -0.0258 1
0.8567162 0 -1 1 1 0 0.6124 1
0.1853655 0 -1 1 0 1 0.7918 1
0.8567162 0 -1 1 1 0 0.6124 1
0.9976362 1 1 1 3 1 0.7783 1
0.9938751 1 1 1 2 1 0.7893 1
0.954971 1 1 1 2 1 0.6249 1
0.9235554 1 -1 1 1 1 0.4404 1
0.9203698 1 1 1 2 1 0.4203 1
0.9814722 1 1 1 2 1 0.5859 1
0.5 0 -1 1 1 0 0 1
0.9492246 1 -1 1 2 1 0.4939 1
0.5 0 -1 1 1 0 0 1
0.007718096 -1 -1 1 -3 -1 -0.7405 1
0.5 0 -1 1 0 0 0 1
0.9902638 1 1 1 2 1 0.6369 1
0.9540638 1 0 1 4 1 0.6688 1
0.7861484 1 -1 1 0 1 0 1
0.9953545 1 0 1 1 1 0.5106 1
0.5 0 -1 1 1 0 0 1
0.9755217 1 1 1 1 1 0.7964 1
0.9913427 1 0 1 1 1 0.3612 1
0.5 0 0 1 -1 -1 -0.3182 1
0.5 1 0 1 2 1 0.6588 1
0.9978531 1 1 1 2 1 0.8834 1
0.9979792 1 1 1 2 1 0.8834 1
0.765265 0 0 1 0 0 0 1
0.9934192 1 1 1 1 1 0.7096 1
0.9967197 1 0 1 1 1 0.872 1
0.9875839 0 0 1 1 1 0.7096 1
0.9875839 0 0 1 1 1 0.7096 1
0.1244358 1 -1 1 1 1 0.4215 1
0.956009 1 -1 1 2 1 0.4199 1
0.9640683 1 1 1 1 1 0.5255 1
0.9640683 1 1 1 1 1 0.5255 1
0.9963638 1 1 1 1 1 0.8519 1
0.980288 1 1 1 2 1 0.6476 1
0.5 0 -1 1 0 1 0 1
0.9755826 1 1 1 3 1 0.9565 1
0.8541158 1 0 1 0 1 0.4404 1
0.5 1 0 1 1 1 0.7125 1
0.9571616 -1 0 1 0 1 -0.128 1
0.9980466 1 1 1 3 1 0.7902 1
0.7747648 1 1 1 2 1 0.5859 1
0.2355125 1 0 1 0 1 0.5859 1
0.9972568 0 -1 1 1 1 0.6792 1
0.03887844 -1 -1 1 0 -1 -0.5574 1
0.2130873 -1 1 1 -1 -1 0 1
0.9726393 1 0 1 2 1 0.7339 1
0.9991628 1 1 1 2 1 0.807 1
0.9807923 0 0 1 1 1 0.4404 1
0.7210608 0 0 1 1 0 0.4753 1
0.9807923 0 0 1 1 1 0.4404 1
0.9464504 -1 -1 1 -1 1 -0.2887 1
0.9856461 1 -1 1 3 1 0.9489 1
0.5 0 0 1 0 0 0 1
0.09811232 -1 -1 1 -1 -1 -0.5837 1
0.9919521 1 1 1 2 1 0.7351 1
0.982058 1 1 1 2 1 0.5859 1
0.9931071 0 1 1 1 1 0.4404 1
0.9975773 1 0 1 2 1 0.7177 1
0.9688533 1 -1 1 2 1 0.8491 1
0.8680368 1 1 1 1 1 0.4926 1
0.9394359 1 1 1 3 1 0.8798 1
0.9777349 1 0 1 4 1 0.9347 1
0.5 0 0 1 0 1 0 -1
0.1633004 0 -1 1 0 0 0.3182 -1
0.1633004 0 -1 1 0 0 0.3182 -1
0.00125696 -1 -1 1 -1 -1 -0.6908 -1
0.008411554 -1 -1 1 -1 -1 -0.5823 -1
0.5 0 -1 1 0 0 0 -1
0.1866034 0 -1 1 0 0 0 -1
0.2319706 1 -1 1 0 1 0 -1
0.5 -1 -1 1 -2 -1 0 -1
0.0643446 1 1 1 -1 1 -0.3612 -1
0.6781605 -1 -1 1 0 -1 -0.3612 -1
0.6781605 -1 -1 1 0 -1 -0.3612 -1
0.9301091 -1 -1 1 0 0 -0.4753 -1
0.01198204 -1 -1 1 -1 0 0.0516 -1
0.1218073 -1 0 1 -1 -1 -0.2023 -1
0.2728143 -1 -1 1 -2 -1 -0.5093 -1
0.003681023 -1 -1 1 -2 -1 -0.871 -1
0.9273569 1 1 1 2 1 0.7184 -1
0.013336 -1 -1 1 -1 -1 -0.6408 -1
0.05289949 0 -1 1 1 0 0 -1
0.07233122 0 -1 1 0 1 -0.4927 -1
0.1735397 -1 0 1 0 1 0 -1
0.5 0 -1 1 -1 0 -0.8519 -1
0.04092327 -1 -1 1 1 -1 0 -1
0.6955467 1 -1 1 2 1 0.6696 -1
0.1911853 -1 -1 1 -2 1 -0.4404 -1
0.02800509 -1 -1 1 1 -1 -0.4898 -1
0.9391693 0 -1 1 0 0 0.6249 -1
0.06508199 -1 0 1 -1 -1 -0.7346 -1
0.1208977 0 -1 1 0 1 0.4215 -1
0.5 0 0 1 0 1 0 -1
0.5 1 -1 1 2 1 0.4201 -1
0.5 -1 -1 1 -1 -1 -0.5574 -1
0.2145194 -1 -1 1 0 0 0.1796 -1
0.05943296 0 -1 1 0 1 0.1877 -1
0.02074935 0 -1 1 -1 -1 -0.8338 -1
0.07097905 -1 0 1 -3 -1 -0.4404 -1
0.0001254182 -1 -1 1 0 -1 -0.8505 -1
0.7568627 1 -1 1 1 0 0 -1
0.5 0 -1 1 1 1 0 -1
0.5 0 0 1 2 1 0 -1
0.1619247 0 -1 1 -1 0 -0.5423 -1
0.01435995 -1 -1 1 -2 -1 -0.8172 -1
0.9930241 1 0 1 3 1 0.8809 -1
0.5 0 -1 1 -1 1 0 -1
0.1867301 -1 -1 1 -1 -1 -0.6908 -1
0.2385005 0 0 1 2 0 0.25 -1
0.7213584 -1 0 1 -1 -1 -0.6174 -1
0.7213584 -1 -1 1 -1 -1 -0.6174 -1
0.114683 1 -1 1 1 1 -0.4215 -1
0.02548147 -1 0 1 -3 0 -0.9161 -1
0.2209196 0 -1 1 0 1 0 -1
0.03904381 0 -1 1 0 0 0.3595 -1
0.5 1 -1 1 1 1 0 -1
0.01189148 -1 -1 1 -3 -1 -0.6825 -1
0.00369793 0 0 1 -1 0 0.3412 -1
0.191282 0 -1 1 1 0 0 -1
0.09493089 -1 -1 1 -3 -1 -0.6635 -1
0.05746441 -1 -1 1 -3 -1 -0.5719 -1
0.5 -1 -1 1 1 -1 0 -1
0.9275319 -1 -1 1 -1 1 0.2116 -1
0.102661 0 -1 1 1 1 0.4574 -1
0.02904552 -1 -1 1 0 -1 -0.4588 -1
0.8974845 1 -1 1 1 1 0.6494 -1
0.05669877 -1 -1 1 1 -1 -0.3802 -1
0.02078379 0 -1 1 -2 -1 -0.5859 -1
0.5 -1 -1 1 -1 0 0 -1
0.5 0 0 1 1 -1 0 -1
0.05556026 -1 -1 1 -3 1 -0.5707 -1
0.9764085 1 -1 1 2 1 0.7717 -1
0.9478601 1 -1 1 0 1 0.4404 -1
0.006302637 -1 -1 1 -2 0 -0.6597 -1
0.1917155 1 -1 1 -3 1 -0.4215 -1
0.06759906 0 -1 1 0 -1 -0.296 -1
0.01070751 -1 -1 1 -2 0 -0.7574 -1
0.1160377 0 -1 1 -2 1 -0.6966 -1
0.0332131 -1 0 1 -2 -1 -0.5423 -1
0.002284915 -1 -1 1 -2 -1 -0.6808 -1
0.0026346 -1 -1 1 -3 -1 -0.8004 -1
0.07902424 0 -1 1 -2 -1 -0.4767 -1
0.04070699 -1 -1 1 -2 -1 -0.4019 -1
0.03411732 -1 -1 1 -1 -1 -0.6808 -1
0.005576108 -1 -1 1 0 -1 -0.877 -1
0.08735065 -1 0 1 -2 -1 -0.5638 -1
0.05741447 0 -1 1 -2 -1 -0.8176 -1
0.07615995 -1 -1 1 -2 -1 -0.4228 -1
0.01141057 -1 -1 1 -2 -1 -0.6857 -1
0.08989282 -1 0 1 0 0 -0.1007 -1
0.0786166 -1 0 1 0 0 -0.1007 -1
0.5 -1 -1 1 -2 -1 -0.6597 -1
0.1129771 0 0 1 -2 -1 -0.6369 -1
0.8340347 -1 -1 1 1 1 0.5053 -1
0.006526074 -1 -1 1 -1 -1 -0.877 -1
0.1093056 -1 0 1 -3 0 -0.4753 -1
0.0007533178 -1 -1 1 -3 -1 -0.8858 -1
0.0001664638 -1 -1 1 -1 -1 -0.9477 -1
0.7801317 -1 -1 1 0 1 0.0516 -1
0.008306162 -1 -1 1 -2 -1 -0.7717 -1
0.1226476 1 -1 1 3 1 0.7405 -1
0.89093 0 -1 1 2 1 0.5837 -1
0.5 0 0 1 -1 0 0 -1
0.7868825 1 -1 1 1 1 0.4342 -1
0.2550668 1 -1 1 1 1 0 -1
0.249631 0 -1 1 0 -1 -0.296 -1
0.1426743 -1 0 1 -1 0 -0.1491 -1
0.2448213 0 -1 1 -1 0 0.079 -1
0.1569497 0 -1 1 0 0 0 -1
0.187765 0 -1 1 1 1 0 -1
0.01159066 -1 -1 1 -3 -1 -0.8271 -1
0.06965421 1 0 1 0 1 0.296 -1
0.7385197 -1 -1 1 -1 0 -0.5423 -1
0.02036791 -1 -1 1 -2 -1 0.4303 -1
0.1574934 0 -1 1 1 -1 0.4588 -1
0.05180564 0 -1 1 0 1 -0.4689 -1
0.2505591 -1 -1 1 -2 -1 0 -1
0.5 -1 -1 1 -2 -1 -0.4767 -1
0.9023179 0 -1 1 0 0 0.3544 -1
0.5 0 -1 1 1 0 0 -1
0.08899184 -1 0 1 -1 -1 -0.4404 -1
0.886725 1 -1 1 0 1 0.4939 -1
0.006560766 -1 -1 1 -1 1 -0.4364 -1
0.7749602 0 -1 1 1 1 0.312 -1
0.1943204 -1 -1 1 0 0 0.5994 -1
0.125604 0 -1 1 1 0 0.3182 -1
0.9406698 0 -1 1 1 0 0.0772 -1
0.7910987 1 -1 1 -1 1 0.6908 -1
0.02272229 -1 -1 1 -1 -1 -0.34 -1
0.2171054 0 -1 1 -2 0 -0.0258 -1
0.9661319 1 -1 1 1 1 0.749 -1
0.1702216 1 -1 1 -1 1 -0.8049 -1
0.007387492 -1 -1 1 -3 0 -0.7501 -1
0.005733978 -1 -1 1 -3 0 -0.8357 -1
0.1982092 1 -1 1 0 1 -0.4168 -1
0.2461301 0 -1 1 0 -1 -0.296 -1
0.2206509 0 -1 1 -2 0 -0.3624 -1
0.5 -1 -1 1 -2 0 0.0772 -1
0.9006901 1 -1 1 1 1 -0.2268 -1
0.06686256 0 -1 1 -3 -1 -0.8733 -1
0.9550488 1 1 1 0 0 0.7424 -1
0.02190121 -1 -1 1 -1 -1 -0.7506 -1
0.9562771 0 -1 1 1 1 0.4199 -1
0.5 -1 -1 1 -1 -1 -0.6808 -1
0.03117849 -1 -1 1 -2 -1 -0.4215 -1
0.2206509 0 -1 1 -2 0 -0.3624 -1
0.8599587 0 -1 1 1 1 0.3818 -1
0.5 1 -1 1 2 1 0.743 -1
0.002671167 -1 -1 1 -1 -1 -0.9136 -1
0.04334049 -1 -1 1 -4 -1 0 -1
0.04788503 -1 -1 1 0 0 -0.802 -1
0.05071672 -1 -1 1 -2 -1 -0.296 -1
0.5 -1 0 1 -2 -1 0 -1
0.1507973 -1 -1 1 0 -1 -0.4574 -1
0.1818064 0 -1 1 1 1 0 -1
0.8705978 0 -1 1 2 1 0.4434 -1
0.883102 0 -1 1 1 1 0.3818 -1
0.007302508 -1 0 1 -2 -1 -0.8091 -1
0.7588457 0 -1 1 2 1 0.6371 -1
0.7588457 0 -1 1 2 1 0.6371 -1
0.8653407 0 -1 1 2 1 0.4434 -1
0.9041723 0 -1 1 -1 0 0.1548 -1
0.09227928 -1 0 1 -1 -1 -0.3049 -1
0.2800943 -1 -1 1 0 -1 0 -1
0.08203791 0 -1 1 -2 1 -0.5106 -1
0.1107638 -1 0 1 -3 -1 -0.5983 -1
0.1844398 1 -1 1 1 1 0.3612 -1
0.1987868 1 -1 1 1 1 0.3612 -1
0.2277308 0 -1 1 1 0 -0.3089 -1
0.05534157 -1 -1 1 -1 -1 -0.4767 -1
0.5 0 -1 1 1 0 0 -1
0.04878115 -1 -1 1 -1 -1 0.4215 -1
0.5 -1 -1 1 -2 -1 -0.7469 -1
0.2680293 -1 -1 1 0 -1 0.3595 -1
0.2180042 1 -1 1 -1 1 -0.4588 -1
0.1533866 -1 -1 1 -3 -1 -0.6908 -1
0.7882013 0 -1 1 -1 1 0.4019 -1
0.2631838 0 -1 1 -3 -1 -0.2406 -1
0.154322 -1 -1 1 -3 -1 -0.1531 -1
0.002366874 -1 -1 1 -2 -1 -0.8602 -1
0.07752894 0 0 1 -1 0 0 -1
0.02596944 0 -1 1 -2 0 0.4133 -1
0.1530448 -1 -1 1 0 -1 0 -1
0.5 0 -1 1 0 0 0 -1
0.1896603 -1 -1 1 1 1 0.4753 -1
0.171096 0 -1 1 2 0 0.7391 -1
0.8726531 0 -1 1 1 1 0.4404 -1
0.0004341836 -1 -1 1 -3 -1 -0.7346 -1
0.01074025 0 -1 1 -2 0 -0.9348 -1
0.2531617 1 -1 1 1 1 0 -1
0.09750566 -1 -1 1 -2 -1 -0.5983 -1
0.1664239 -1 -1 1 -1 0 -0.0258 -1
0.01828787 0 -1 1 -1 0 0.3875 -1
0.0889003 1 -1 1 0 0 -0.1326 -1
0.9174651 0 -1 1 1 1 0.4404 -1
0.002686322 -1 -1 1 -2 -1 -0.8564 -1
0.1281288 0 0 1 3 1 0.7902 -1
0.07574455 -1 -1 1 0 0 -0.0772 -1
0.02838314 -1 -1 1 1 -1 -0.3111 -1
0.0004139746 0 -1 1 -1 1 -0.4939 -1
0.1628993 1 -1 1 0 1 -0.2263 -1
0.5 1 -1 1 3 1 0.7027 -1
0.114849 -1 -1 1 2 -1 0.4939 -1
0.7430189 -1 -1 1 0 0 0.3182 -1
0.000438202 -1 -1 1 -4 -1 -0.8378 -1
0.7686053 1 0 1 1 1 0.3612 -1
0.235737 -1 -1 1 0 1 0 -1
0.9966124 0 -1 1 2 1 0.8748 -1
0.04338597 -1 -1 1 -1 -1 -0.3612 -1
0.8573202 0 -1 1 1 1 0.3802 -1
0.009101112 -1 -1 1 -1 -1 -0.6486 -1
0.05836479 0 -1 1 -1 -1 0.4449 -1
0.5 0 -1 1 1 1 0 -1
0.877156 0 0 1 1 0 0.3595 -1
0.03872827 -1 -1 1 0 -1 -0.5574 -1
0.7911506 -1 -1 1 1 0 -0.6305 -1
0.0226332 -1 -1 1 -2 -1 -0.6124 -1
0.04862871 -1 0 1 0 -1 -0.6289 -1
0.5 -1 -1 1 -3 -1 -0.4738 -1
0.7664523 -1 -1 1 -2 -1 -0.128 -1
0.5 -1 -1 1 -2 -1 0 -1
0.1409849 0 -1 1 -2 0 -0.6369 -1
0.8185665 1 -1 1 -1 0 -0.5067 -1
0.03872827 -1 -1 1 0 -1 -0.5574 -1
0.1739209 -1 -1 1 0 0 -0.1027 -1
0.1644105 -1 -1 1 -1 -1 0 -1
0.1173744 -1 -1 1 -2 1 0.5267 -1
0.9915708 1 -1 1 2 1 0.8908 -1
0.8316723 1 0 1 0 1 -0.4585 -1
0.0312331 -1 0 1 -4 -1 -0.3181 -1
0.01792513 -1 -1 1 -1 -1 -0.6597 -1
0.5 0 -1 1 -1 1 0 -1
0.1867546 -1 -1 1 -3 0 -0.6124 -1
0.06785004 -1 -1 1 -4 -1 -0.6784 -1
0.01699499 0 -1 1 0 -1 -0.2221 -1
0.1864304 0 0 1 0 1 0 -1
0.0008734242 1 -1 1 1 1 -0.3544 -1
0.03529595 -1 0 1 1 -1 -0.3182 -1
0.8810497 1 0 1 1 1 -0.5959 -1
0.02991899 0 0 1 -1 -1 -0.6538 -1
0.8006855 -1 -1 1 0 -1 0.128 -1
0.153473 -1 0 1 -4 0 -0.3802 -1
0.005069984 -1 -1 1 -4 -1 -0.6883 -1
0.8511121 1 0 1 1 1 0.4753 -1
0.5 0 0 1 1 0 -0.3595 -1
0.965786 1 -1 1 0 1 0.3612 -1
0.03709193 -1 -1 1 -2 -1 -0.7184 -1
0.2030657 0 -1 1 0 0 0 -1
0.05227939 -1 -1 1 -1 -1 -0.4215 -1
0.02022748 0 -1 1 -3 -1 0.3368 -1
0.008521283 -1 0 1 -2 -1 -0.802 -1
0.5 1 -1 1 -1 1 0.3535 -1
0.747557 -1 -1 1 0 0 0.2023 -1
0.02503633 -1 -1 1 -2 0 -0.4927 -1
0.8541845 1 -1 1 0 1 0.1548 -1
0.04090024 0 -1 1 -2 1 -0.4279 -1
0.1811783 1 -1 1 0 1 0 -1
0.08130451 0 -1 1 1 1 0.3352 -1
0.9034204 1 -1 1 1 1 0.4926 -1
0.003834441 0 -1 1 -2 1 -0.8652 -1
0.2245376 0 -1 1 0 1 0.4019 -1
0.5 0 -1 1 0 0 0 -1
0.1035537 -1 -1 1 -3 -1 -0.5805 -1
0.8954738 0 0 1 1 1 0.4404 -1
0.01271687 -1 -1 1 -2 0 -0.7351 -1
0.1839671 -1 0 1 2 0 0.4926 -1
0.00251827 -1 0 1 -2 -1 -0.717 -1
0.05042564 -1 0 1 -1 -1 -0.6249 -1
0.8134603 1 0 1 0 -1 -0.3182 -1
0.9217422 -1 -1 1 -2 0 0.1429 -1
0.9952759 0 -1 1 1 1 0.8126 -1
0.07393417 -1 0 1 -2 -1 -0.6249 -1
0.218781 0 -1 1 0 0 0 -1
0.5 0 -1 1 0 0 0 -1
0.004021244 -1 -1 1 0 -1 -0.7906 -1
0.004021244 -1 -1 1 0 -1 -0.7906 -1
0.02860617 -1 -1 1 -1 -1 -0.6739 -1
0.969161 1 -1 1 0 1 -0.453 -1
0.02095857 -1 -1 1 -1 -1 -0.7506 -1
0.9943053 1 -1 1 1 1 0.8834 -1
0.08829163 -1 -1 1 -2 -1 -0.6767 -1
0.5 0 -1 1 0 0 0 -1
0.2302266 -1 -1 1 -2 -1 -0.6083 -1
0.9097516 1 -1 1 0 1 0.8316 -1
0.8446618 1 -1 1 1 1 -0.3412 -1
0.227761 0 -1 1 1 1 0.5228 -1
0.0005156103 0 -1 1 0 1 -0.2924 -1
0.05789656 0 -1 1 0 -1 -0.3818 -1
0.5 0 -1 1 0 0 0 -1
0.1072976 -1 -1 1 0 0 0.4678 -1
0.06731287 0 -1 1 0 1 0 -1
0.7629499 -1 -1 1 -2 -1 0.1511 -1
0.7323524 0 0 1 1 0 0 -1
0.2328112 -1 -1 1 0 -1 0 -1
0.76727 0 -1 1 -3 1 0.6517 -1
0.5 0 0 1 0 0 0 -1
0.07366595 -1 -1 1 -1 -1 -0.3182 -1
0.08456555 0 -1 1 1 1 -0.85 -1
0.2689043 -1 0 1 -2 -1 -0.6229 -1
0.003069772 0 -1 1 -1 1 -0.4215 -1
0.1570712 1 -1 1 1 1 0.4019 -1
0.01825503 -1 -1 1 -1 -1 -0.089 -1
0.5 0 0 1 0 0 0 -1
0.01110596 -1 -1 1 -1 -1 -0.5423 -1
0.1469474 1 -1 1 1 1 -0.2481 -1
0.001294251 1 -1 1 0 1 0.1129 -1
0.8398079 0 -1 1 0 0 0.128 -1
0.7262354 0 0 1 0 0 0 -1
0.0156549 0 -1 1 0 -1 0.2235 -1
0.9211561 0 -1 1 1 1 0.351 -1
0.5 1 -1 1 0 0 0.5248 -1
0.2288098 1 -1 1 -1 1 -0.4614 -1
0.7836734 0 -1 1 -2 0 -0.2695 -1
0.117649 -1 -1 1 -1 -1 -0.6351 -1
0.9045419 1 0 1 1 1 0.4588 -1
0.2339121 0 -1 1 1 1 -0.3699 -1
0.6747367 0 -1 1 0 1 0 -1
0.05111229 -1 0 1 -2 -1 -0.6496 -1
0.5 0 -1 1 -1 -1 0 0
0.7573027 0 -1 1 -1 1 0 0
0.9064649 0 -1 1 1 1 0 0
0.0335788 -1 -1 1 -2 -1 -0.5542 0
0.9013392 1 0 1 1 1 0.5106 0
0.8404492 1 -1 1 -1 1 0.6643 0
0.5 1 -1 1 0 1 0.1779 0
0.5 1 -1 1 0 1 0.1779 0
0.2340598 0 -1 1 0 0 -0.7925 0
0.9331838 1 -1 1 1 1 0.6239 0
0.8432793 0 -1 1 0 1 0 0
0.5 0 -1 1 0 0 0 0
0.5 0 0 1 0 1 0 0
0.1265935 0 -1 1 1 1 -0.1531 0
0.2094496 -1 0 1 0 -1 -0.5267 0
0.5 0 0 1 1 -1 0 0
0.976008 1 1 1 1 1 0.7506 0
0.9737806 1 -1 1 2 0 0.0516 0
0.5 -1 -1 1 -1 -1 0 0
0.5 0 0 1 0 1 0 0
0.8235828 -1 0 1 0 1 0.0258 0
0.9451987 -1 -1 1 0 1 0.6597 0
0.985491 1 -1 1 2 0 0.0516 0
0.5 0 -1 1 0 0 0 0
0.5 1 1 1 0 1 0 0
0.3154641 0 -1 1 1 0 0 0
0.9425322 1 1 1 -1 1 0.6369 0
0.5 0 0 1 0 0 0 0
0.5 0 -1 1 0 1 0 0
0.9107662 1 -1 1 0 1 0.5106 0
0.9892079 1 -1 1 0 1 0.5106 0
0.5 1 -1 1 1 1 0 0
0.922918 1 -1 1 0 1 0.5719 0
0.5 0 -1 1 1 1 0 0
0.2882042 -1 -1 1 -1 -1 0.0026 0
0.77459 -1 -1 1 0 -1 0.1779 0
0.5 0 -1 1 0 -1 0 0
0.5 0 -1 1 0 0 0 0
0.2004472 0 -1 1 0 1 0 0
0.8601742 1 -1 1 1 1 0.7906 0
0.5 1 -1 1 1 1 0 0
0.8601742 1 -1 1 1 1 0.7906 0
0.5 1 -1 1 0 1 0 0
0.2176907 0 -1 1 1 0 0.4574 0
0.1431629 -1 -1 1 0 0 -0.1531 0
0.5 0 -1 1 0 0 0 0
0.992192 1 -1 1 0 1 0.3182 0
0.8404879 1 -1 1 0 1 0.4215 0
0.995173 1 -1 1 1 1 0.3802 0
0.5 0 -1 1 0 -1 -0.1531 0
0.9775595 1 -1 1 1 1 0.6124 0
0.995173 1 -1 1 1 1 0.3802 0
0.5 0 -1 1 0 1 0 0
0.5 0 0 1 0 0 0 0
0.992192 1 -1 1 0 1 0.3182 0
0.992192 1 -1 1 0 1 0.3182 0
0.992192 1 -1 1 0 1 0.3182 0
0.992192 1 -1 1 0 1 0.3182 0
0.9335914 1 -1 1 2 1 0.7145 0
0.9335914 1 1 1 2 1 0.7145 0
0.201593 -1 1 1 0 0 0.128 0
0.7170954 1 -1 1 1 1 0.3612 0
0.8512431 0 0 1 1 0 0.6705 0
0.9331838 1 -1 1 1 1 0.6239 0
0.2907885 -1 0 1 0 1 0.0516 0
0.9097381 1 -1 1 2 1 0.3716 0
0.5 0 0 1 0 1 0 0
0.9805968 1 -1 1 0 1 0.6705 0
0.8338352 1 -1 1 0 1 -0.0516 0
0.5 0 -1 1 0 1 0 0
0.8739136 1 -1 1 0 0 0 0
0.84093 1 -1 1 0 1 0.6369 0
0.8920179 0 -1 1 -1 -1 0.3612 0
0.2521017 0 -1 1 0 0 0 0
0.5 0 0 1 0 1 0 0
0.5 0 -1 1 1 0 0 0
0.03285808 -1 -1 1 1 -1 0.1779 0
0.5 0 0 1 0 0 0 0
0.5 0 -1 1 0 0 0 0
0.5 -1 0 1 1 -1 0 0
0.7726386 0 1 1 1 0 0.4184 0
0.5 0 -1 1 1 0 0 0
0.5 0 0 1 0 1 0 0
0.8021484 1 -1 1 1 1 0.3121 0
0.8773538 1 -1 1 0 1 0.4404 0
0.9719755 0 1 1 1 1 0.5423 0
0.5 1 -1 1 0 1 0.2732 0
0.8570659 0 0 1 2 0 0.7369 0
0.5 0 -1 1 0 0 0 0
0.8359516 1 -1 1 -1 -1 -0.34 0
0.9044236 1 1 1 1 1 0.4588 0
0.210336 -1 -1 1 1 -1 0.3382 0
0.1273966 0 -1 1 -2 -1 -0.4767 0
0.9090915 1 -1 1 0 1 0.4404 0
0.5 1 -1 1 1 1 0 0
0.7636495 1 -1 1 1 1 0.6661 0
0.5 0 0 1 0 0 0 0
0.5 1 -1 1 1 1 0 0
0.02712997 -1 -1 1 -1 -1 -0.4215 0
0.5 0 0 1 0 0 0 0
0.995869 1 -1 1 2 1 0.6801 0
0.7723684 0 -1 1 1 1 0.4588 0
0.5 0 -1 1 0 0 0 0
0.5 0 -1 1 0 -1 0 0
0.1775284 0 -1 1 1 -1 -0.5574 0
0.1210933 -1 -1 1 0 -1 -0.1779 0
0.9281075 0 -1 1 1 0 0.25 0
0.5 0 -1 1 -2 -1 -0.5994 0
0.2680115 0 0 1 0 0 0 0
0.5 0 -1 1 0 1 -0.3818 0
0.5 -1 -1 1 0 0 -0.2732 0
0.1746932 -1 -1 1 0 0 0.128 0
0.5 0 0 1 0 0 0 0
0.7700046 0 -1 1 0 1 0.4995 0
0.5 0 -1 1 0 0 0 0
0.5 0 -1 1 0 0 0 0
0.8710527 1 -1 1 2 1 0.7184 0
0.5 0 -1 1 0 1 0 0
0.9714033 1 -1 1 2 1 0.7783 0
0.0234039 0 -1 1 -2 -1 -0.802 0
0.0234039 0 -1 1 -2 -1 -0.802 0
0.5 0 -1 1 0 1 0 0
0.1827616 -1 -1 1 0 1 0.128 0
0.5 1 -1 1 1 1 0 0
0.1037335 0 -1 1 0 1 0.2023 0
0.2118212 -1 -1 1 0 -1 -0.2732 0
0.9933276 1 -1 1 0 1 0.6705 0
0.5 1 -1 1 0 1 0 0
0.951438 0 -1 1 -1 1 0.7227 0
0.9149444 1 1 1 1 1 0.5106 0
0.5 0 -1 1 0 0 0 0
0.5 1 -1 1 1 1 0.3612 0
0.8085563 1 1 1 2 1 0.4767 0
0.5 0 -1 1 1 0 0.0772 0
0.7911812 0 -1 1 0 0 0.4019 0
0.8350678 1 1 1 1 1 0.5859 0
0.9319766 0 -1 1 1 0 -0.0258 0
0.5 0 0 1 0 1 0 0
0.5 0 -1 1 0 0 0 0
0.9319766 0 -1 1 1 0 -0.0258 0
0.5 0 -1 1 0 1 0 0
0.5 0 -1 1 0 0 0 0
0.2057349 0 -1 1 0 0 -0.296 0
0.5 1 -1 1 0 1 0 0
0.8404081 0 1 1 2 1 0.3802 0
0.155112 0 -1 1 0 1 0.2273 0
0.2634037 0 -1 1 0 0 0 0
0.5 1 -1 1 1 1 0.3612 0
0.5 1 -1 1 1 1 0.3612 0
0.5 0 -1 1 0 1 0 0
0.9154995 1 0 1 1 1 0.6249 0
0.7832082 1 1 1 1 1 0.3182 0
0.8227816 0 -1 1 -1 0 -0.1027 0
0.941647 0 1 1 1 1 0.6369 0
0.5 0 0 1 2 1 0.5013 0
0.7820398 0 0 1 0 1 0.34 0
0.1367194 0 -1 1 0 1 -0.1027 0
0.9819951 1 -1 1 1 1 0.6801 0
0.9301572 1 0 1 1 1 0.4215 0
0.5 0 -1 1 0 1 0.0772 0
0.9002743 0 1 1 2 0 0.8172 0
0.9662411 1 -1 1 0 0 0.0516 0
0.5 0 -1 1 0 0 0 0
0.07916739 -1 -1 1 -2 -1 -0.5719 0
0.05622113 0 -1 1 1 0 -0.186 0
0.7869586 1 -1 1 0 1 0.296 0
0.5 0 -1 1 1 -1 0 0
0.5 0 -1 1 1 -1 0 0
0.5 1 -1 1 1 1 0.3612 0
0.8028369 0 0 1 -2 -1 -0.5994 0
0.5 0 0 1 0 0 0 0
0.237651 1 -1 1 1 1 -0.25 0
0.5 0 0 1 0 0 0 0
0.2506326 1 -1 1 1 1 0 0
0.01774469 0 -1 1 1 1 -0.5504 0
0.5 0 0 1 1 0 0 0
0.1744257 -1 -1 1 -2 -1 0 0
0.1744257 -1 -1 1 -2 -1 0 0
0.5 1 -1 1 1 1 0 0
0.8944662 1 -1 1 0 1 0.2023 0
0.5 0 1 1 0 0 0.4019 0
0.9864604 1 -1 1 1 1 0.8016 0
0.8215229 1 -1 1 0 1 0.4215 0
0.5 0 0 1 1 0 0 0
0.8613391 0 -1 1 0 0 0.2263 0
0.01259255 -1 -1 1 -1 -1 0 0
0.06663913 0 -1 1 0 1 0.6369 0
0.5 0 -1 1 0 -1 0 0
0.5 0 -1 1 0 -1 0 0
0.03815297 1 -1 1 2 -1 -0.4184 0
0.1778631 -1 -1 1 2 -1 -0.128 0
0.8915324 1 1 1 1 0 0.8588 0
0.5 0 -1 1 0 0 0 0
0.5 0 -1 1 0 0 0 0
0.02489914 -1 -1 1 -3 -1 -0.7351 0
0.1113063 -1 -1 1 -2 -1 -0.3472 0
0.7860193 1 -1 1 0 1 0 0
0.08951232 -1 -1 1 1 -1 -0.1655 0
0.9063927 1 -1 1 0 1 0 0
0.5 0 0 1 0 0 0 0
0.992057 1 -1 1 2 1 0.7964 0
0.9844275 1 1 1 3 1 0.8625 0
0.7735502 1 0 1 1 1 0.2828 0
0.9702405 1 -1 1 1 0 0.3612 0
0.2709204 -1 -1 1 -2 -1 -0.5994 0
0.5 0 -1 1 0 0 0 0
0.865296 1 -1 1 0 1 0.4939 0
0.05799756 -1 -1 1 0 -1 0 0
0.9639628 1 0 1 3 1 0.5994 0
0.5 1 -1 1 3 0 0.658 0
0.7482891 1 -1 1 1 1 0.877 0
0.5 0 -1 1 0 0 0 0
0.5 0 0 1 0 0 0 0
0.9991097 1 1 1 2 1 0.7639 0
0.5 0 -1 1 0 0 0 0
0.8708681 1 -1 1 0 1 0.4019 0
0.8063816 0 -1 1 1 1 0.7424 0
0.8585951 0 -1 1 1 0 0.4389 0
0.5 0 -1 1 0 1 0 0
0.9892953 1 -1 1 0 -1 0.0772 0
0.9964499 1 -1 1 1 1 0.7717 0
0.2389405 0 -1 1 1 1 0 0
0.9820507 1 -1 1 0 -1 0.0772 0
0.1286797 0 0 1 -1 1 0.0098 0
0.02743466 -1 -1 1 -1 -1 -0.5423 0
0.7550232 1 0 1 -1 1 0.6249 0
0.9942767 1 -1 1 0 -1 0.0772 0
0.5 0 -1 1 0 0 0 0
0.01329649 0 -1 1 0 -1 -0.5267 0
0.5 1 0 1 2 1 0 0
0.9981114 1 -1 1 1 1 0.5423 0
0.5 0 -1 1 0 0 0 0
0.5 0 -1 1 -1 1 -0.0516 0
0.9981114 1 -1 1 1 1 0.5423 0
0.8626163 1 -1 1 0 1 0.6369 0
0.5 0 -1 1 0 0 0 0
0.1801089 -1 -1 1 -1 0 0.1179 0
0.5 0 -1 1 1 1 0 0
0.5 0 -1 1 0 0 0 0
0.8892746 0 1 1 2 1 0.6476 0
0.8573419 1 0 1 2 1 0.5994 0
0.02643335 -1 -1 1 0 -1 -0.4019 0
0.5 0 0 1 0 0 0 0
0.5 0 -1 1 1 0 0 0
0.9155598 1 1 1 1 1 0.5542 0
0.9827076 1 -1 1 1 1 0.6801 0
0.5 0 -1 1 0 1 0 0
0.5 0 -1 1 0 1 0 0
0.1995088 0 0 1 1 -1 -0.5216 0
0.5 0 0 1 0 -1 -0.296 0
0.288488 0 -1 1 0 1 0 0
0.8914649 0 -1 1 0 -1 0.5859 0
0.9709836 1 -1 1 1 1 0.7959 0
0.5 0 -1 1 0 0 0 0
0.9733052 0 0 1 1 0 0.6124 0
0.9320263 0 -1 1 0 1 0.6808 0
0.2474045 1 -1 1 0 1 0 0
0.1114701 -1 1 1 0 -1 0.6482 0
0.8235297 0 -1 1 2 1 0.5255 0
0.8020556 0 0 1 -2 0 0.5 0
0.8427639 0 -1 1 0 1 0.4019 0
0.5 0 -1 1 0 0 0 0
0.5 0 -1 1 1 0 0 0
0.5 0 0 1 0 0 0 0
0.8313149 0 -1 1 0 1 0.4019 0
0.909069 -1 0 1 1 1 0.7959 0
0.7977992 1 -1 1 2 1 -0.5096 0
0.707319 1 0 1 2 1 0 0
0.1289179 0 -1 1 -1 -1 -0.4404 0
0.9502108 0 0 1 0 1 0.6124 0
0.5 0 1 1 0 1 0 0
0.2663728 0 -1 1 0 0 0 0
0.2971035 1 0 1 0 1 0.1513 0
0.2971035 1 0 1 0 1 0.1513 0
0.2869948 1 -1 1 1 1 0.592 0
0.7609964 1 -1 1 2 1 0.5817 0
0.07416101 0 -1 1 0 -1 0.1027 0
0.9649697 1 -1 1 1 1 0.7346 0
0.7764296 1 -1 1 0 1 0.4215 0
0.02977803 -1 -1 1 -2 -1 -0.5256 0
0.8868805 1 1 1 2 1 0.6249 0
0.5 0 -1 1 0 0 0 0
0.5 0 -1 1 0 0 0 0
0.5 0 -1 1 0 0 0 0
0.5 0 -1 1 0 0 0 0
0.1891682 0 -1 1 -1 0 -0.4215 0
0.9869453 1 -1 1 3 -1 0.7088 0
0.1846166 0 -1 1 -1 0 -0.4215 0
0.1846166 0 0 1 -1 0 -0.4215 0
0.920278 1 -1 1 0 0 0.2023 0
0.9350477 0 -1 1 1 1 0.3818 0
0.5 0 -1 1 1 0 0 0
0.920278 1 -1 1 0 0 0.2023 0
0.5 -1 -1 1 -3 -1 -0.5106 0
0.5 -1 -1 1 -3 -1 -0.5106 0
0.5 -1 -1 1 -3 -1 -0.5106 0
0.5 -1 -1 1 -3 -1 -0.5106 0
0.09983914 1 -1 1 1 1 -0.015 0
0.5 1 -1 1 0 1 0 0
0.5 0 -1 1 0 0 0 0
0.5 0 -1 1 0 0 0 0
0.5 0 -1 1 0 0 0 0
0.5 0 -1 1 0 0 0 0
0.5 0 -1 1 0 0 0 0
0.5 0 -1 1 0 1 0 0
0.5 0 -1 1 0 0 0 0
0.5 0 -1 1 0 0 0 0
0.5 0 -1 1 0 0 0 0
0.5 0 -1 1 0 0 0 0
0.8997124 1 0 1 1 1 0.3612 0
0.2530005 1 -1 1 0 1 0 0
0.9844173 1 -1 1 1 1 0.8053 0
0.8912447 1 1 1 1 1 0.3182 0
0.9027916 0 -1 1 -1 0 0.1531 0
0.002499168 -1 0 1 -2 -1 -0.8718 0
0.5 0 -1 1 0 0 0 0
0.9202919 0 -1 1 0 1 0.8237 0
0.04579098 -1 -1 1 -1 -1 -0.4215 0
0.5 0 -1 1 0 1 0 0
0.03545695 -1 -1 1 0 -1 -0.296 0
0.5 1 -1 1 1 1 0 0
0.2362854 0 -1 1 1 -1 0.3578 0
0.5 0 -1 1 0 0 0 0
0.6972611 1 -1 1 0 1 0.5859 0
0.8555962 1 -1 1 0 1 0.3612 0
0.8688147 0 0 1 0 0 0.296 0
0.2153227 -1 0 1 -1 -1 -0.1779 0
0.5 0 0 1 0 1 0 0
0.0471069 -1 -1 1 0 0 -0.1531 0
0.5 1 -1 1 0 1 0 0
0.5 0 -1 1 1 0 0 0
0.5 -1 0 1 -1 -1 -0.5994 0
0.9711968 -1 -1 1 0 1 0.3612 0
0.9355471 1 -1 1 1 1 0.69 0
0.5 0 -1 1 -1 0 0 0
0.8439676 0 -1 1 1 0 0.4588 0
0.5 0 -1 1 0 1 0.128 0
0.5 0 -1 1 0 1 0.128 0
0.2741713 0 -1 1 0 1 0 0
0.2249351 0 -1 1 0 1 0.296 0
0.5 1 -1 1 0 1 0.2732 0
0.918281 1 0 1 2 1 0.3716 0
0.5 1 -1 1 1 1 0 0
0.2537144 0 -1 1 0 0 0 0
0.08881189 0 -1 1 1 -1 -0.1531 0
0.5 1 -1 1 1 1 0 0
0.5 0 -1 1 0 0 0 0
0.2141462 0 -1 1 0 0 0 0
0.2369169 -1 -1 1 0 -1 0 0
0.5 0 -1 1 0 1 0 0
0.8699063 1 -1 1 1 1 0.5267 0
0.5 0 -1 1 0 0 0 0
0.9971547 1 1 1 0 1 0.4019 0
0.9671109 1 -1 1 3 1 0.8135 0
0.5 0 -1 1 1 0 0 0
0.8306583 1 1 1 2 1 0.6369 0
0.5 -1 -1 1 -2 -1 -0.4767 0
0.9203824 1 0 1 0 1 0 0
0.1918966 0 -1 1 0 1 -0.296 0
0.148647 0 -1 1 0 1 -0.3089 0
0.5 0 0 1 0 0 0 0
0.8427639 0 -1 1 0 1 0.4019 0
0.5 0 0 1 0 0 0 0
0.03359092 -1 -1 1 0 -1 -0.802 0
0.1844392 1 -1 1 1 1 0.3612 0
0.9412589 1 -1 1 1 1 0.6486 0
0.8313149 0 -1 1 0 1 0.4019 0
0.313019 -1 -1 1 -1 -1 -0.34 0
0.0070553 0 -1 1 1 1 -0.126 0
0.997487 1 -1 1 3 1 0.8264 0
0.5 1 -1 1 -2 0 0 0
0.8619088 1 -1 1 1 1 0.5106 0
0.2183461 0 -1 1 0 0 0 0
0.15918 -1 -1 1 -1 -1 -0.5994 0
0.9228434 1 -1 1 2 1 0.6249 0
0.9714175 0 0 1 2 1 0.7455 0
0.5 0 -1 1 0 1 0 0
0.7972572 1 -1 1 2 1 0.8442 0
0.5 0 -1 1 0 0 0 0
0.3008032 1 -1 1 2 1 0.6369 0
0.8986256 1 0 1 2 1 0.4696 0
0.5 0 -1 1 1 0 0 0
0.5 0 -1 1 1 0 0 0
0.5 0 -1 1 1 0 0 0
0.1381278 -1 -1 1 -1 -1 -0.6124 0
0.5 0 -1 1 1 0 0.1511 0
0.1042994 0 -1 1 1 0 0.0516 0
0.9526378 1 -1 1 1 1 -0.3412 0
0.8943652 -1 -1 1 2 1 0.636 0
0.9871411 1 -1 1 0 1 0.3182 0
0.5 0 -1 1 0 0 0 0
0.5 0 0 1 0 0 0 0
0.2381112 0 -1 1 0 0 0 0
0.8258602 1 -1 1 1 1 0.3382 0
0.5 0 0 1 1 1 0.474 0
0.1780214 0 0 1 0 0 0 0
0.5 0 -1 1 0 0 0 0
0.1480877 1 -1 1 0 1 -0.1531 0
0.5 0 0 1 0 0 0 0
0.5 0 -1 1 0 0 -0.4466 0
0.9871642 1 1 1 2 1 0.5719 0
0.1759833 -1 -1 1 -1 -1 -0.6808 0
0.1686588 -1 -1 1 -1 -1 -0.6808 0
0.7824988 1 -1 1 -1 1 0.5106 0
0.04990533 0 -1 1 -2 0 -0.6322 0
0.5 1 -1 1 1 1 0 0
0.8144547 0 0 1 2 1 0.5502 0
0.9645157 1 -1 1 0 1 0.6641 0
0.3269476 0 -1 1 -1 1 -0.2732 0
0.9333098 1 0 1 2 1 0.765 0
0.99289 1 -1 1 2 1 0.6908 0
0.5 0 -1 1 0 0 -0.1531 0
0.5 1 -1 1 1 1 0 0
0.7718542 0 -1 1 0 1 -0.0951 0
0.1288532 1 -1 1 2 1 0.705 0
0.9766573 1 1 1 2 1 0.6249 0
0.5 0 -1 1 1 0 0 0
0.05164347 0 1 1 -1 0 0 0
0.9536688 1 -1 1 1 1 0.5719 0
0.5 1 -1 1 -1 1 -0.1027 0
0.9577988 1 1 1 0 1 0.6249 0
0.5 0 1 1 1 0 0 0
0.5 0 0 1 0 1 0 0
0.5 0 -1 1 0 1 0 0
0.2229011 1 -1 1 0 1 0.4118 0
0.5 0 0 1 0 0 0 0
0.2640865 0 -1 1 -1 -1 -0.3818 0
0.5 1 -1 1 1 1 0 0
0.5 1 -1 1 1 1 0 0
0.1495735 1 -1 1 1 1 0.2263 0
0.5 1 -1 1 1 1 0 0
0.5 1 -1 1 1 1 0 0
0.5 1 -1 1 1 1 0.3612 0
0.5 0 -1 1 0 0 0.0772 0
0.2056532 0 -1 1 0 0 0 0
0.9064333 1 1 1 1 1 0.5267 0
0.9038676 0 -1 1 1 1 0 0
0.7249705 0 -1 1 0 -1 0 0
0.1681792 0 -1 1 0 0 0 0
0.8092151 0 -1 1 2 1 0.4404 0
0.5 -1 0 1 0 0 -0.2023 0
0.9785503 1 -1 1 1 1 0.8402 0
0.8030676 -1 -1 1 0 -1 -0.1154 0
0.5 0 -1 1 0 0 0 0
0.9763925 0 0 1 2 1 0.7845 0
0.8344551 0 -1 1 1 1 0.4284 0
0.1182847 1 -1 1 0 1 0 0
0.5 1 -1 1 1 1 0 0
0.5 1 -1 1 1 1 0 0
0.5 0 0 1 0 0 0 0
0.5 0 0 1 0 0 0 0
0.5 0 1 1 0 0 -0.1531 0
0.5 0 -1 1 0 0 0 0
0.08334423 -1 -1 1 -2 -1 -0.6597 0
0.5 1 -1 1 1 1 0 0
0.8223324 1 0 1 2 1 0.7845 0
0.5 0 -1 1 0 0 0 0
0.7505495 0 -1 1 0 0 -0.0951 0
0.5 0 0 1 0 0 0 0
0.5 0 0 1 0 0 0 0
0.8491299 1 0 1 -1 1 0.4912 0
0.9672145 1 0 1 2 1 0.7088 0
0.5 0 -1 1 1 0 0 0
0.2816493 0 0 1 0 0 0 0
0.9971751 -1 0 1 1 1 0.8516 0
0.9213562 1 0 1 0 1 0 0
0.01346836 -1 -1 1 -1 -1 -0.2837 0
0.5 0 0 1 0 0 0 0
0.5 1 1 1 0 1 0 0
0.5 1 -1 1 2 1 0.4576 0
0.1268488 -1 0 1 -1 -1 0 0
0.995377 0 1 1 0 1 0.7422 0
0.6960286 0 -1 1 0 1 0 0
0.5 0 -1 1 0 1 0 0
0.5 0 -1 1 0 -1 0 0
0.5 0 0 1 0 0 0 0
0.2137826 1 -1 1 3 1 0.1511 0
0.5 -1 -1 1 -1 -1 0 0
0.5 0 0 1 0 0 0 0
0.8494655 1 1 1 0 1 0.4939 0
0.2762517 0 -1 1 0 0 0 0
0.5 0 0 1 0 1 0 0
0.5 0 0 1 0 1 0 0
0.8115756 0 0 1 2 0 0.686 0
0.5 1 -1 1 0 1 0.2732 0
0.1902619 -1 -1 1 -1 0 -0.5574 0
0.8506211 0 -1 1 0 1 -0.0772 0
0.5 1 -1 1 1 1 0 0
0.8949611 1 0 1 0 0 0 0
0.1989189 0 -1 1 0 1 -0.2444 0
0.9674212 0 -1 1 1 0 0.5719 0
0.5 1 -1 1 1 0 0 0
0.5 0 0 1 1 0 0 0
0.7453153 0 -1 1 0 0 -0.0191 0
0.2255755 -1 0 1 0 -1 0 0
0.03053391 0 -1 1 -1 -1 -0.3818 0
0.1103259 1 -1 1 2 1 -0.3607 0
0.212717 0 -1 1 0 1 0 0
0.5 -1 0 1 0 1 0 0
0.9992917 1 1 1 2 1 0.8268 0
0.7277554 -1 -1 1 -1 -1 -0.6597 0
0.5 0 -1 1 0 0 0 0
0.9966329 1 -1 1 1 1 0.743 0
0.5 0 -1 1 0 0 0 0
0.8446647 1 0 1 0 1 -0.1024 0
0.2348658 0 -1 1 1 0 0.5256 0
0.8837063 1 -1 1 1 1 0.6956 0
0.06925584 0 -1 1 -1 1 -0.2732 0
0.5 -1 -1 1 -1 -1 0 0
0.2877479 1 -1 1 2 1 0.4199 0
0.5 0 -1 1 0 0 0 0
0.9671292 -1 -1 1 1 -1 0.5441 0
0.5 1 1 1 0 1 0 0
0.1818503 0 0 1 1 0 0.4588 0
0.8983273 0 1 1 0 1 0.34 0
0.7923697 0 0 1 -1 1 -0.5267 0
0.5 1 -1 1 2 1 0.4201 0
0.5 1 -1 1 1 1 0 0
0.01824662 -1 -1 1 -1 -1 -0.7185 0
0.04316277 0 0 1 1 0 0.4939 0
0.04719993 1 -1 1 4 0 -0.4168 0
0.1041008 0 1 1 2 0 0.128 0
0.9098292 -1 1 1 0 -1 0.6679 0
0.8040273 0 -1 1 0 1 0.6124 1
0.5 0 -1 1 0 0 0 1
0.7586943 0 -1 1 0 0 0.8353 1
0.9990821 1 1 1 1 1 0.8221 1
0.9988431 1 1 1 1 1 0.8221 1
0.5 1 -1 1 1 1 0 1
0.9973189 1 1 1 2 1 0.8622 1
0.9857432 0 0 1 1 0 0.4939 1
0.5 0 -1 1 1 1 0 1
0.9878321 1 1 1 2 1 0.6249 1
0.9992073 1 1 1 2 1 0.9461 1
0.9977865 1 1 1 1 1 0.9436 1
0.9529878 1 0 1 0 1 0.4019 1
0.5 0 0 1 1 1 0.5707 1
0.5 0 0 1 1 0 0 1
0.9942631 1 1 1 2 1 0.6249 1
0.5 0 -1 1 1 1 0 1
0.2314896 1 -1 1 2 0 0.3818 1
0.9434198 1 0 1 2 1 0.5574 1
0.5 1 0 1 1 1 0.6239 1
0.8752763 1 1 1 2 1 0.6588 1
0.5 0 -1 1 1 1 0 1
0.1777185 -1 -1 1 0 -1 -0.3612 1
0.7576989 0 -1 1 3 1 0.508 1
0.2930644 -1 -1 1 0 -1 0 1
0.885328 1 -1 1 0 1 -0.128 1
0.889628 0 -1 1 1 1 0.6369 1
0.1718686 -1 -1 1 -2 -1 -0.5267 1
0.09138513 -1 -1 1 -1 0 -0.5859 1
0.1813041 -1 -1 1 -2 -1 -0.5267 1
0.5 0 -1 1 0 0 0 1
0.8920372 1 1 1 -1 1 0.7184 1
0.9553632 1 1 1 2 1 0.5859 1
0.8565393 0 0 1 0 1 0.2263 1
0.889628 0 -1 1 1 1 0.6369 1
0.9904882 1 -1 1 1 1 0.3164 1
0.8763903 1 0 1 1 1 0.5684 1
0.2206942 0 -1 1 -1 1 0.0258 1
0.03870451 -1 -1 1 1 -1 -0.7269 1
0.9754189 1 -1 1 3 1 0.4199 1
0.5 -1 -1 1 1 -1 -0.7269 1
0.9136191 1 1 1 2 1 0.6249 1
0.5 0 -1 1 1 0 0 1
0.8731076 0 -1 1 0 1 0.3818 1
0.02456786 -1 -1 1 0 -1 -0.3774 1
0.5 0 -1 1 0 0 0 1
0.5 0 -1 1 0 0 0 1
0.9592554 1 1 1 3 1 0.8516 1
0.9328736 0 1 1 2 0 0.4939 1
0.9118963 1 -1 1 1 1 0.4404 1
0.5 0 -1 1 1 1 -0.4184 1
0.1308915 0 -1 1 -2 0 -0.4215 1
0.5 1 -1 1 0 1 0 1
0.9027215 1 -1 1 1 1 0.5106 1
0.07577894 0 0 1 -3 0 -0.5106 1
0.5 0 1 1 0 1 0 1
0.9951589 1 -1 1 1 1 0.7783 1
0.5 0 -1 1 0 1 0 1
0.5 1 -1 1 0 1 0.5719 1
0.9656677 1 1 1 2 1 0.8016 1
0.8778999 1 -1 1 1 1 0.6369 1
0.5 1 0 1 2 1 0.6369 1
0.7437457 0 -1 1 0 -1 0 1
0.01187451 0 -1 1 0 0 -0.296 1
0.5 1 1 1 0 1 0.25 1
0.9758599 0 -1 1 0 0 0.4767 1
0.9143237 1 1 1 2 1 0.5719 1
0.9831793 1 -1 1 3 1 0.7402 1
0.7676159 0 -1 1 1 -1 0.4003 1
0.947274 1 -1 1 2 1 0.765 1
0.8440356 1 1 1 0 1 0.4019 1
0.9039148 1 1 1 2 1 0.825 1
0.9166315 1 -1 1 2 1 0.5719 1
0.8816936 1 1 1 1 1 0.5859 1
0.5 1 -1 1 1 1 0.4019 1
0.865991 1 0 1 2 1 0.765 1
0.5 0 -1 1 0 1 0 1
0.8980803 1 0 1 1 1 0.4019 1
0.5 0 0 1 4 0 0.636 1
0.9144775 1 -1 1 1 1 0.7352 1
0.7449888 1 1 1 1 1 0.4404 1
0.9757311 1 -1 1 3 1 0.7712 1
0.5 1 -1 1 1 0 0.7097 1
0.8976423 0 -1 1 1 0 0.296 1
0.9208052 1 0 1 1 1 0.6908 1
0.5 1 -1 1 1 1 0.6467 1
0.5 0 -1 1 1 0 0 1
0.9724893 0 0 1 0 0 0.4199 1
0.5 1 1 1 1 1 0 1
0.9324222 1 -1 1 1 1 0.474 1
0.5 0 0 1 1 0 0 1
0.5 0 -1 1 0 -1 0.0772 1
0.1705459 1 1 1 2 1 0.6988 1
0.5 0 -1 1 1 -1 0 1
0.9887013 1 -1 1 1 1 0.7906 1
0.8689534 0 -1 1 1 1 0.4199 1
0.9929007 1 -1 1 1 1 0.4588 1
0.5 0 -1 1 1 0 0.6229 1
0.5 0 -1 1 0 0 0 1
0.5 0 0 1 1 1 0 1
0.9379068 1 -1 1 2 1 0.4005 1
0.5 0 -1 1 0 1 0 1
0.8980998 0 -1 1 2 1 0.4926 1
0.8395621 1 1 1 2 1 0.765 1
0.9801047 1 -1 1 2 1 0.5963 1
0.9708897 1 0 1 2 1 0.5859 1
0.9068121 0 0 1 1 0 0.4588 1
0.5 1 0 1 3 1 0.6239 1
0.8934512 1 -1 1 0 1 0.5719 1
0.8980998 0 -1 1 2 1 0.4926 1
0.8588171 1 -1 1 3 1 0.6688 1
0.8199696 1 -1 1 3 1 0.6588 1
0.2653771 1 1 1 1 1 -0.1027 1
0.9804083 1 1 1 1 1 0.4939 1
0.5 0 -1 1 0 1 0.0772 1
0.5 1 -1 1 0 1 0 1
0.5 1 -1 1 0 1 0.2732 1
0.9428193 1 1 1 3 1 0.9231 1
0.9629183 1 1 1 2 1 0.7832 1
0.2198789 0 -1 1 1 0 0 1
0.9428193 1 1 1 3 1 0.9231 1
0.9635521 1 1 1 2 1 0.6114 1
0.916576 1 0 1 3 1 0.5994 1
0.5 0 -1 1 1 0 0 1
0.5 0 -1 1 1 -1 0 1
0.9696121 0 -1 1 1 1 0.6476 1
0.5 0 -1 1 0 0 0.0772 1
0.9130271 1 0 1 0 1 0.6369 1
0.5 0 -1 1 1 0 0.5848 1
0.7566739 1 0 1 0 1 0.4404 1
0.2792145 0 0 1 1 1 -0.3802 1
0.8102391 0 -1 1 -2 1 0 1
0.157567 0 -1 1 2 0 0.6514 1
0.5 0 -1 1 1 0 0.5848 1
0.9321181 1 0 1 1 1 0.4199 1
0.06900644 1 -1 1 0 1 0.3682 1
0.2198789 0 -1 1 1 0 0 1
0.973904 1 1 1 2 1 0.6468 1
0.1043755 -1 -1 1 -1 -1 -0.0772 1
0.947836 1 -1 1 2 1 0.4939 1
0.7570699 0 -1 1 1 1 0 1
0.9296956 1 -1 1 2 1 0.6739 1
0.9296956 1 -1 1 2 1 0.6739 1
0.2197281 1 -1 1 1 1 0 1
0.9252668 1 0 1 1 1 0.6486 1
0.7019662 0 -1 1 0 -1 0 1
0.9954426 1 1 1 2 1 0.8074 1
0.9477242 1 -1 1 0 1 0 1
0.9925269 0 -1 1 2 1 0.7845 1
0.5 -1 0 1 0 0 0 1
0.9612746 1 1 1 2 1 0.5355 1
0.5 1 1 1 2 1 0.7339 1
0.9976843 1 1 1 3 1 0.9033 1
0.5 0 -1 1 0 0 0 1
0.96719 1 0 1 2 1 0.802 1
0.5 0 -1 1 -1 0 0 1
0.9350501 1 0 1 2 1 0.6249 1
0.5 0 1 1 0 0 0 1
0.5 1 0 1 -1 1 0 1
0.8748653 1 -1 1 1 1 0.5473 1
0.5 1 -1 1 3 1 0.6588 1
0.9301531 1 1 1 2 1 0.7579 1
0.9795182 1 -1 1 0 1 0.3182 1
0.5 1 1 1 2 1 0.6155 1
0.5 0 -1 1 0 0 0 1
0.5 0 1 1 1 1 0 1
0.5 0 0 1 0 0 0.0772 1
0.9644814 1 0 1 2 1 0.6476 1
0.8940632 1 1 1 0 1 0.6124 1
0.7355614 0 0 1 1 0 0.3987 1
0.5 0 -1 1 0 1 0 1
0.2149319 0 -1 1 0 1 -0.0258 1
0.8908186 1 0 1 3 1 0.7901 1
0.8459123 1 1 1 2 1 0.5267 1
0.8920292 1 -1 1 1 1 0.8625 1
0.7368136 0 1 1 2 1 0.2698 1
0.7298962 -1 -1 1 -1 -1 0.2023 1
0.5 1 -1 1 1 1 0.4199 1
0.8834883 1 1 1 2 1 0.5859 1
0.785354 1 1 1 1 1 0.4404 1
0.9266745 1 1 1 1 1 0.4588 1
0.9763296 1 -1 1 2 1 0.6249 1
0.5 1 -1 1 0 1 0.3182 1
0.7755688 0 -1 1 1 1 0 1
0.03920992 -1 0 1 1 -1 0.833 1
0.5 0 -1 1 1 0 0 1
0.865413 0 -1 1 2 1 0.5848 1
0.7672152 1 -1 1 0 1 0.2023 1
0.8143736 1 1 1 3 1 0.6696 1
0.9914807 1 -1 1 1 1 0.5574 1
0.5 0 -1 1 1 0 0 1
0.5 1 -1 1 0 1 0 1
0.5 1 1 1 2 1 0.4576 1
0.7823801 1 0 1 2 1 0.8271 1
0.5 1 -1 1 2 1 0.7237 1
0.5 -1 -1 1 -2 -1 -0.5562 1
0.9396736 1 1 1 1 1 0.4215 1
0.9139089 1 1 1 1 1 0.7717 1
0.9666455 1 1 1 0 1 0.4144 1
0.8317276 1 -1 1 0 1 0.3182 1
0.9945061 1 -1 1 0 1 0.6908 1
0.9453934 1 -1 1 2 0 0.5413 1
0.1488973 1 -1 1 0 1 0 -1
0.7827566 -1 -1 1 0 0 -0.4003 -1
0.5 0 -1 1 -2 0 0 -1
0.8439482 0 -1 1 1 1 0.3117 -1
0.03871053 -1 -1 1 -1 -1 -0.4767 -1
0.5 -1 -1 1 -2 -1 0 -1
0.5 0 -1 1 1 -1 0 -1
0.5 1 -1 1 0 1 0 -1
0.01161761 0 -1 1 1 1 0.1531 -1
0.05543026 -1 -1 1 -1 -1 -0.7351 -1
0.5 -1 -1 1 0 -1 -0.3818 -1
0.2000606 0 -1 1 0 -1 -0.3818 -1
0.1371364 -1 -1 1 0 -1 -0.4767 -1
0.5 0 -1 1 0 -1 0 -1
0.1376856 -1 -1 1 -3 -1 -0.5719 -1
0.1496857 -1 -1 1 0 -1 -0.5046 -1
0.1117492 -1 -1 1 -1 0 -0.5716 -1
0.5 0 -1 1 0 0 0 -1
0.5 -1 -1 1 -2 0 -0.3182 -1
0.02920208 -1 -1 1 1 -1 0 -1
0.5 0 0 1 0 0 0 -1
0.0005322069 -1 -1 1 -3 -1 -0.8442 -1
0.5 -1 -1 1 -2 -1 0 -1
0.5 -1 -1 1 0 -1 0 -1
0.9281419 0 0 1 1 1 0.5994 -1
0.5 0 -1 1 0 0 0 -1
0.02515448 -1 -1 1 -2 -1 -0.8271 -1
0.5 0 -1 1 0 0 -0.296 -1
0.7254355 -1 -1 1 -2 -1 0.1007 -1
0.5 -1 0 1 -2 -1 0 -1
0.9281419 0 0 1 1 1 0.5994 -1
0.9281419 0 0 1 1 1 0.5994 -1
0.03776308 -1 -1 1 -3 -1 -0.6732 -1
0.007332654 -1 -1 1 -2 -1 -0.7089 -1
0.2257883 1 0 1 0 1 0.5256 -1
0.5 -1 -1 1 -2 -1 -0.4215 -1
0.1961804 0 0 1 0 0 -0.3291 -1
0.5 0 0 1 1 0 0 -1
0.009208391 -1 -1 1 -2 -1 -0.8481 -1
0.2965318 1 -1 1 1 1 -0.3412 -1
0.5 -1 0 1 -3 -1 0 -1
0.01911982 -1 -1 1 -1 -1 -0.5423 -1
0.2382483 -1 -1 1 -2 -1 -0.5423 -1
0.8086638 1 1 1 1 1 0.5994 -1
0.5 -1 -1 1 0 -1 0 -1
0.9828511 1 -1 1 1 1 0.5719 -1
0.5 0 -1 1 -1 -1 0 -1
0.5 0 -1 1 0 1 0 -1
0.5 0 -1 1 0 1 0 -1
0.5 0 -1 1 0 0 0 -1
0.1767745 -1 -1 1 -1 -1 -0.0516 -1
0.01482237 -1 -1 1 -2 -1 -0.5106 -1
0.005442104 0 -1 1 -1 0 -0.4019 -1
0.881599 1 -1 1 0 1 0.4404 -1
0.07499091 -1 1 1 -2 -1 -0.7104 -1
0.5 -1 0 1 -2 -1 0 -1
0.8931681 1 1 1 1 1 0.3182 -1
0.5 0 -1 1 0 0 0 0
0.5 0 -1 1 0 0 0 0
0.5 0 -1 1 0 1 0 0
0.8013028 0 -1 1 1 0 0.34 0
0.5 0 1 1 0 1 0 0
0.5 0 0 1 0 0 0 0
0.5 0 -1 1 0 0 0 0
0.5 0 0 1 0 0 0 0
0.8234141 0 -1 1 -1 0 0 0
0.8516309 0 -1 1 1 1 0.2003 0
0.5 1 1 1 1 1 0.4404 0
0.8160872 0 -1 1 0 0 0 0
0.5 0 -1 1 0 0 0 0
0.5 0 -1 1 0 0 0 0
0.5 0 0 1 0 0 0 0
0.5 0 0 1 0 0 0 0
0.5 1 -1 1 0 1 0 0
0.5 0 0 1 0 0 0 0
0.04375672 -1 -1 1 0 0 -0.3612 0
0.5 0 -1 1 0 0 0 0
0.5 1 -1 1 2 1 0 0
0.5 0 -1 1 -1 0 0 0
0.5 0 0 1 0 0 0 0
0.5 0 -1 1 0 0 0 0
0.5 0 -1 1 0 1 0 0
0.5 1 -1 1 0 1 0.2023 0
0.837493 0 0 1 1 0 0.4215 0
0.006919611 -1 -1 1 0 -1 0.5927 0
0.8404436 1 -1 1 0 1 0 0
0.5 0 -1 1 0 1 0 0
0.5 1 -1 1 0 1 0.2023 0
0.5 0 -1 1 0 0 0 0
0.5 0 -1 1 0 0 0 0
0.5 0 -1 1 0 1 0 0
0.5 0 -1 1 0 1 0 0
0.5 1 -1 1 0 1 0.2263 0
0.5 0 -1 1 0 1 0 0
0.5 0 -1 1 0 1 0 0
0.5 0 -1 1 0 0 0 0
0.5 0 -1 1 0 1 0 0
0.5 0 -1 1 1 0 0 0
0.5 0 -1 1 0 0 0 0
0.5 0 -1 1 0 1 0 0
0.5 0 -1 1 0 1 0 0
0.5 0 -1 1 0 1 0 0
0.7512271 0 -1 1 0 1 -0.2755 0
0.5 0 -1 1 0 0 0 0
0.9179655 0 -1 1 0 -1 0.2023 0
0.5 0 0 1 0 1 0 0
0.2460162 0 -1 1 0 0 0 0
0.2698187 -1 -1 1 -2 -1 -0.5267 0
0.5 1 -1 1 0 1 0 0
0.5 0 -1 1 0 0 0.1513 0
0.5 1 -1 1 0 1 0.3612 0
0.5 0 -1 1 1 0 0 0
0.5 1 -1 1 1 1 0.5719 0
0.5 0 -1 1 0 1 0 0
0.9708785 1 -1 1 0 1 0.4767 0
0.5 0 -1 1 1 0 0 0
0.5 0 -1 1 0 0 0 0
0.5 0 0 1 0 1 0 0
0.5 0 -1 1 0 1 0 0
0.5 0 -1 1 0 0 0 0
0.7765363 0 -1 1 2 1 0.3094 0
0.5 0 -1 1 0 0 0 0
0.9514402 1 1 1 1 1 0.7506 0
0.9514402 1 1 1 1 1 0.7506 0
0.5 0 -1 1 0 0 0 0
0.9514402 1 1 1 1 1 0.7506 0
0.7905423 0 -1 1 1 1 0 0
0.5 0 -1 1 0 0 0 0
0.5 0 -1 1 0 1 0 0
0.5 0 -1 1 0 0 0 0
0.5 0 -1 1 0 0 0 0
0.5 0 -1 1 0 0 0 0
0.5 0 0 1 1 0 0 0
0.1686376 -1 -1 1 0 -1 -0.4019 0
0.5 1 0 1 1 1 0 0
0.5 0 -1 1 0 -1 0 0
0.7755661 1 -1 1 0 1 0.2732 0
0.5 0 -1 1 0 0 0 0
0.5 0 0 1 0 0 0 0
0.5 0 0 1 1 1 0 0
0.5 -1 0 1 -1 -1 0 0
0.5 0 -1 1 0 0 0 0
0.925248 0 -1 1 0 1 0.2732 0
0.5 0 0 1 1 0 0.2225 0
0.5 0 -1 1 0 1 0 0
0.5 0 -1 1 1 0 0 0
0.5 0 -1 1 0 0 0 0
0.920643 0 0 1 1 1 0.4404 0
0.5 0 -1 1 -1 0 0 0
0.5 0 -1 1 0 1 0 0
0.5 0 -1 1 -1 0 0 0
0.7204415 0 -1 1 0 0 0.4215 0
0.5 0 0 1 0 -1 0 0
0.7935182 1 -1 1 0 1 0.5106 0
0.5 0 -1 1 0 0 0 0
0.5 0 -1 1 0 0 0 0
0.5 1 -1 1 1 1 0 0
0.5 0 0 1 0 0 0 0
0.5 0 -1 1 0 0 0 0
0.8374367 0 0 1 2 1 0.1516 0
0.5 1 -1 1 2 1 0 0
0.5 0 -1 1 0 1 0 0
0.5 0 -1 1 0 1 0 0
0.1972058 0 -1 1 -1 -1 -0.2732 0
0.5 0 0 1 0 0 0 0
0.5 0 -1 1 0 0 0 0
0.5 0 -1 1 -2 -1 -0.3818 0
0.5 0 -1 1 0 0 0 0
0.9769316 1 -1 1 2 1 0.7906 0
0.5 0 -1 1 0 0 0 0
0.807323 1 -1 1 2 1 0.7177 0
0.5 0 -1 1 0 -1 0 0
0.5 0 0 1 0 0 0 0
0.5 0 -1 1 0 0 0 0
0.5 -1 -1 1 0 -1 0 0
0.5 0 -1 1 0 0 0 0
0.5 0 0 1 0 -1 0 0
0.5 0 -1 1 0 0 0 0
0.5 1 -1 1 0 1 0 0
0.5 -1 -1 1 -1 -1 0 0
0.1010745 0 -1 1 0 -1 0.0516 0
0.5 1 -1 1 0 1 0 0
0.5 0 -1 1 0 0 0 0
0.5 0 -1 1 0 0 0 0
0.5 0 -1 1 0 0 0 0
0.9248918 0 -1 1 0 1 0.5267 0
0.5 0 -1 1 0 0 0 0
0.8069134 0 -1 1 0 0 0 0
0.5 0 -1 1 0 0 0 0
0.2558674 0 -1 1 0 0 0 0
0.5 0 -1 1 0 0 0 0
0.5 0 -1 1 0 1 0 0
0.5 0 -1 1 0 0 0 0
0.7237635 0 0 1 1 1 0.3382 0
0.5 0 -1 1 0 1 0 0
0.5 0 -1 1 0 1 0 0
0.7964392 0 0 1 0 1 0.3818 0
0.5 0 -1 1 0 1 0 0
0.7882409 0 -1 1 0 0 0.0772 0
0.5 0 0 1 0 1 -0.6633 0
0.5 0 -1 1 0 0 0 0
0.5 0 0 1 0 -1 0 0
0.8866294 0 -1 1 0 1 0 0
0.5 1 -1 1 1 1 0.3612 0
0.5 0 0 1 0 0 0 0
0.5 0 -1 1 0 0 0 0
0.5 0 -1 1 0 0 0 0
0.7500988 0 -1 1 0 1 0 0
0.5 0 -1 1 0 0 0 0
0.8334808 1 -1 1 0 1 0 0
0.8490365 1 -1 1 0 1 0.2716 0
0.5 0 -1 1 0 0 0 0
0.7848288 1 -1 1 0 1 0.4404 0
0.5 0 -1 1 0 1 0 0
0.5 0 -1 1 0 0 0 0
0.8256516 0 1 1 2 1 0.3802 0
0.8490365 1 -1 1 0 1 0.2716 0
0.5 0 0 1 0 0 0 0
0.5 1 -1 1 0 1 0 0
0.5 0 -1 1 0 0 0 0
0.9908621 0 -1 1 1 1 0.7506 0
0.04750026 -1 -1 1 -1 -1 -0.4939 0
0.5 0 -1 1 0 0 0 0
0.5 0 -1 1 0 1 0 0
0.5 0 -1 1 0 1 0 0
0.5 0 -1 1 0 0 0 0
0.5 0 -1 1 0 0 0 0
0.5 0 -1 1 0 0 0 0
0.9794072 1 0 1 1 1 0.4215 0
0.9794072 1 0 1 1 1 0.4215 0
0.5 0 -1 1 0 0 0 0
0.5 1 -1 1 0 1 0 0
0.5 1 -1 1 1 1 0.3612 0
0.5 0 0 1 0 0 0 0
0.5 0 -1 1 0 0 0 0
0.5 0 -1 1 0 0 0 0
0.5 0 -1 1 0 1 0 0
0.9804932 0 1 1 2 1 0.4926 0
0.5 0 -1 1 1 0 0 0
0.5 0 -1 1 1 0 0 0
0.5 0 0 1 0 0 0 0
0.5 0 -1 1 0 1 0 0
0.5 0 -1 1 0 -1 0 0
0.8919158 1 1 1 2 1 0.6249 0
0.01911982 -1 -1 1 -1 -1 -0.5423 0
0.5 1 -1 1 1 1 0.3612 0
0.2770118 -1 -1 1 -1 1 -0.3818 0
0.5 1 -1 1 1 1 0 0
0.836254 1 -1 1 1 1 0.3182 0
0.9726141 1 -1 1 3 1 0.7284 0
0.8686428 1 -1 1 0 1 0 0
0.158458 -1 -1 1 0 1 -0.1298 0
0.5 0 -1 1 1 1 0 0
0.5 0 -1 1 0 0 0 0
0.5 0 -1 1 0 1 0 0
0.5 0 0 1 0 0 0 0
0.5 0 -1 1 0 0 0 0
0.5 0 -1 1 0 1 0 0
0.1005001 0 0 1 -1 0 -0.4449 0
0.5 0 -1 1 0 0 0 0
0.5 0 -1 1 0 0 0 0
0.5 0 -1 1 0 0 0 0
0.5 0 -1 1 0 0 0 0
0.1462424 -1 -1 1 0 1 -0.1298 0
0.5 0 -1 1 -2 -1 -0.3818 0
0.5 0 -1 1 0 1 0 0
0.5 0 -1 1 0 -1 0 0
0.5 0 -1 1 0 -1 0 0
0.5 0 -1 1 0 0 0 0
0.5 -1 -1 1 0 -1 -0.3818 0
0.8496989 0 -1 1 0 0 0 0
0.5 0 -1 1 0 1 0 0
0.5 0 -1 1 0 0 0 0
0.08351363 -1 -1 1 0 -1 -0.7269 0
0.5 0 -1 1 1 0 0 0
0.5 0 -1 1 0 1 0 0
0.5 1 1 1 0 1 0 0
0.2337368 0 -1 1 -1 -1 -0.3612 0
0.5 0 -1 1 0 1 0 0
0.5 0 -1 1 0 1 0 0
0.5 0 -1 1 -1 0 0 0
0.5 0 -1 1 0 1 0 0
0.7794674 0 -1 1 0 0 0 0
0.7204415 0 -1 1 0 0 0.4215 0
0.5 0 -1 1 0 0 0 0
0.5 0 -1 1 0 0 0 0
0.1690294 -1 -1 1 0 -1 -0.5423 0
0.5 0 -1 1 0 0 0 0
0.5 0 -1 1 0 0 0 0
0.8334808 1 -1 1 0 1 0 0
0.8334808 1 -1 1 0 1 0 0
0.8334808 1 -1 1 0 1 0 0
0.5 0 0 1 0 0 0 0
0.5 1 1 1 0 1 0.4588 0
0.5 0 0 1 0 0 0 0
0.8526337 1 -1 1 0 1 0 0
0.5 0 -1 1 0 -1 0 0
0.5 -1 -1 1 0 1 0 0
0.5 1 1 1 1 1 0.3147 0
0.5 0 -1 1 0 0 0 0
0.5 0 -1 1 0 0 0 0
0.5 0 -1 1 0 1 0 0
0.5 0 -1 1 0 0 0 0
0.5 0 -1 1 0 1 0 0
0.5 0 -1 1 0 0 0 0
0.9138242 1 -1 1 1 1 0.3595 0
0.08665137 -1 -1 1 -1 -1 -0.4767 0
0.5 0 0 1 0 0 0 0
0.8872519 -1 -1 1 -1 -1 0.3056 0
0.5 0 -1 1 0 0 0 0
0.5 0 -1 1 0 0 0 0
0.5 0 -1 1 0 0 0 0
0.5 0 -1 1 0 0 0 0
0.5 0 -1 1 0 1 0 0
0.5 0 -1 1 -1 0 0 0
0.5 0 -1 1 0 1 0 0
0.5 0 -1 1 0 0 0 0
0.5 0 -1 1 0 1 0 0
0.5 0 0 1 0 0 0.25 0
0.9143059 1 -1 1 0 1 0.6369 0
0.8607104 1 -1 1 0 1 0 0
0.5 0 -1 1 0 0 0 0
0.5 0 0 1 0 0 0 0
0.5 0 -1 1 0 0 0 0
0.5 0 -1 1 0 0 0 0
0.5 0 -1 1 0 1 0 0
0.896528 0 -1 1 0 0 0.4767 0
0.5 0 -1 1 1 0 0 0
0.2337852 -1 -1 1 -2 -1 -0.594 0
0.8760678 1 -1 1 1 1 0.7003 0
0.9689509 1 1 1 1 1 0.6808 0
0.5 0 -1 1 0 0 0 0
0.08585406 1 -1 1 0 1 0.2732 0
0.5 0 -1 1 0 0 0 0
0.5 0 -1 1 0 0 0 0
0.5 0 -1 1 0 0 0 0
0.5 0 -1 1 1 -1 0 0
0.5 0 -1 1 0 0 0 0
0.5 0 -1 1 0 0 0 0
0.5 0 -1 1 0 0 0 0
0.1067938 -1 -1 1 -1 -1 -0.4215 0
0.5 0 -1 1 0 0 0 0
0.5 0 -1 1 0 0 0 0
0.5 0 -1 1 0 1 0 0
0.5 0 -1 1 0 0 0 0
0.5 0 0 1 0 0 0 0
0.3006556 1 0 1 0 1 -0.128 0
0.5 0 -1 1 1 -1 0 0
0.5 0 -1 1 0 0 -0.6633 0
0.5 0 -1 1 1 -1 0 0
0.5 0 -1 1 0 0 -0.6633 0
0.5 0 -1 1 0 0 0 0
0.5 0 -1 1 0 0 0 0
0.5 0 -1 1 0 0 0 0
0.8890407 0 -1 1 0 0 0 0
0.5 0 -1 1 0 1 0 0
0.2107346 0 -1 1 0 0 -0.1779 0
0.7460179 1 -1 1 2 1 0.3612 0
0.5 0 0 1 0 0 0 0
0.5 0 0 1 0 0 0 0
0.5 0 -1 1 0 0 0 0
0.5 0 -1 1 0 1 0 0
0.5 0 -1 1 0 0 0 0
0.5 0 -1 1 0 0 0 0
0.5 0 -1 1 0 0 0 0
0.08790241 0 -1 1 1 -1 -0.959 0
0.5 0 -1 1 0 0 0 0
0.1202478 1 -1 1 -1 1 -0.0772 0
0.5 0 0 1 0 0 0 0
0.5 0 0 1 0 0 0 0
0.5 1 -1 1 0 1 0.3313 0
0.5 0 -1 1 0 0 0 0
0.5 0 -1 1 0 -1 0 0
0.5 0 -1 1 0 0 0 0
0.09975514 0 -1 1 1 -1 -0.6814 0
0.9013531 1 1 1 1 1 0.5859 0
0.5 0 -1 1 0 0 0 0
0.5 0 -1 1 0 0 0 0
0.5 0 -1 1 0 0 0 0
0.5 0 -1 1 0 0 0 0
0.06906577 -1 -1 1 0 -1 -0.4939 0
0.5 1 -1 1 0 1 0 0
0.5 0 0 1 0 0 0 0
0.5 0 -1 1 0 0 0 0
0.5 0 -1 1 0 1 0 0
0.8334808 1 -1 1 0 1 0 0
0.5 0 -1 1 0 0 0 0
0.7605783 0 -1 1 0 0 0 0
0.8890407 0 -1 1 0 0 0 0
0.5 0 0 1 0 0 0 0
0.5 0 -1 1 0 0 0 0
0.5 0 -1 1 0 0 0 0
0.5 0 -1 1 0 0 0 0
0.5 1 -1 1 0 1 0 0
0.5 0 -1 1 0 1 0 0
0.5 0 0 1 1 0 0 0
0.8625169 0 -1 1 0 0 0 0
0.5 0 0 1 0 0 0 0
0.5 0 -1 1 0 0 0 0
0.5 0 -1 1 0 0 0 0
0.5 0 -1 1 0 0 0 0
0.5 0 -1 1 0 1 0 0
0.5 0 -1 1 0 0 0 0
0.2618019 0 -1 1 0 0 0 0
0.7788978 0 -1 1 0 0 0 0
0.5 0 -1 1 0 0 0 0
0.5 0 -1 1 0 0 0 0
0.5 0 -1 1 0 1 0 0
0.5 0 -1 1 1 0 0 0
0.2246938 0 -1 1 1 0 0.7905 0
0.5 0 -1 1 0 0 0 0
0.5 0 -1 1 0 0 0 0
0.2864532 0 -1 1 -1 0 -0.2023 0
0.5 0 -1 1 0 0 0 0
0.5 0 -1 1 0 0 0 0
0.5 0 -1 1 0 0 0 0
0.5 0 -1 1 0 0 0 0
0.5 0 -1 1 0 0 0 0
0.5 0 -1 1 0 0 0 0
0.5 0 -1 1 0 0 0 0
0.5 0 -1 1 0 0 0 0
0.5 0 -1 1 0 0 0 0
0.5 0 -1 1 0 -1 0 0
0.9704301 0 -1 1 1 1 0.4019 0
0.5 0 -1 1 0 0 0 0
0.5 0 -1 1 0 0 0 0
0.3016009 -1 -1 1 1 0 -0.296 0
0.5 0 -1 1 0 1 0 0
0.5 0 -1 1 0 0 0 0
0.7966982 1 -1 1 0 1 -0.2263 0
0.5 0 -1 1 1 0 0 0
0.7570683 1 1 1 1 1 0.4926 0
0.03701604 -1 -1 1 -2 -1 0.4449 0
0.5 1 0 1 1 1 0.3612 0
0.9628683 0 1 1 2 1 0.4926 0
0.8614667 0 -1 1 1 1 0.4939 0
0.5 0 -1 1 0 1 0 0
0.5 0 0 1 0 -1 0 0
0.1765498 -1 -1 1 -2 -1 -0.2481 0
0.8683917 1 -1 1 0 1 0 0
0.5 0 -1 1 0 0 0 0
0.5 0 -1 1 0 0 0 0
0.5 0 0 1 0 1 0 0
0.5 0 -1 1 0 0 0 0
0.8322214 1 -1 1 0 1 0 0
0.8322214 1 0 1 0 1 0 0
0.9968241 1 -1 1 1 1 0.7739 0
0.09567697 -1 -1 1 -3 -1 -0.5106 0
0.5 0 -1 1 0 0 0 0
0.5 0 0 1 0 0 0 0
0.5 0 -1 1 0 0 0 0
0.5 0 0 1 0 0 -0.3595 0
0.5 0 -1 1 0 0 0 0
0.5 1 1 1 1 1 0.6696 0
0.5 0 -1 1 0 0 0 0
0.5 0 -1 1 0 1 0 0
0.7204415 0 0 1 0 0 0.4215 0
0.7422854 -1 0 1 0 0 0.4215 0
0.8626791 1 -1 1 0 1 0 0
0.5 0 -1 1 0 0 0 0
0.5 0 -1 1 1 1 0 0
0.5 0 0 1 0 0 0 0
0.8245484 1 -1 1 0 0 0.5484 0
0.5 0 1 1 0 0 0 0
0.8967798 1 -1 1 0 1 0 0
0.5 0 -1 1 0 0 0 0
0.5 0 0 1 0 0 0 0
0.5 0 -1 1 0 0 0 0
0.9037775 1 1 1 1 0 0.4767 0
0.5 0 -1 1 0 0 0 0
0.7204415 0 0 1 0 0 0.4215 0
0.5 0 -1 1 0 1 0 0
0.8934512 1 -1 1 0 1 0.5719 0
0.5 0 -1 1 0 1 0 0
0.5 0 -1 1 0 0 0 0
0.5 0 -1 1 0 1 0 0
0.8813121 0 -1 1 2 1 0.4215 0
0.8813121 0 -1 1 2 1 0.4215 0
0.8780996 1 -1 1 0 1 0.3612 0
0.5 0 -1 1 -1 1 0 0
0.5 0 -1 1 0 1 0 0
0.08665137 -1 -1 1 -1 -1 -0.4767 0
0.5 0 -1 1 0 0 0 0
0.9086908 1 -1 1 0 1 0.7096 0
0.9086908 1 -1 1 0 1 0.7096 0
0.9086908 1 -1 1 0 1 0.7096 0
0.9086908 1 -1 1 0 1 0.7096 0
0.9086908 1 -1 1 0 1 0.7096 0
0.9086908 1 -1 1 0 1 0.7096 0
0.9086908 1 -1 1 0 1 0.7096 0
0.9086908 1 -1 1 0 1 0.7096 0
0.9086908 1 -1 1 0 1 0.7096 0
0.5 0 -1 1 0 1 0 0
0.5 0 -1 1 0 0 0 0
0.5 0 0 1 0 1 0 0
0.2903218 -1 -1 1 0 -1 -0.4588 0
0.5 0 0 1 0 1 0 0
0.5 0 -1 1 1 0 0 0
0.5 0 -1 1 0 0 0 0
0.5 0 1 1 1 1 0.4767 0
0.7007618 -1 -1 1 -2 1 0 0
0.7728345 0 -1 1 0 1 -0.3885 0
0.9517267 0 0 1 0 1 0.2732 0
0.02656083 -1 -1 1 1 0 -0.5411 0
0.5 0 0 1 1 0 0 0
0.913339 0 -1 1 1 0 0.4215 0
0.9136499 1 0 1 0 1 0.4404 0
0.5 0 -1 1 0 1 0 0
0.8614667 0 -1 1 1 1 0.4939 0
0.5 0 -1 1 1 0 0 0
0.9688775 1 -1 1 0 1 0.7506 0
0.9518876 1 -1 1 0 0 0.0516 0
0.5 0 -1 1 0 0 0 0
0.5 0 1 1 1 0 0 0
0.214834 0 -1 1 0 0 -0.128 0
0.9329893 1 -1 1 1 1 0.7096 0
0.5 0 -1 1 0 0 0 0
0.5 0 -1 1 0 1 0 0
0.9130271 1 0 1 0 1 0.6369 0
0.9376444 1 -1 1 2 1 0.7482 0
0.9850416 0 -1 1 2 1 0.4404 0
0.5 0 -1 1 0 0 0 0
0.5 0 -1 1 0 0 0 0
0.7890224 0 -1 1 0 0 0 0
0.8110849 1 1 1 0 1 0.2023 0
0.7467597 0 -1 1 0 0 0 0
0.9431595 1 0 1 2 1 0.5093 0
0.2096997 1 1 1 1 1 0.1779 0
0.5 0 0 1 0 0 0 0
0.2374514 0 -1 1 1 1 0.4576 0
0.8055211 1 1 1 0 1 0.2023 0
0.5 -1 0 1 0 0 -0.4389 0
0.5 0 -1 1 0 0 0 0
0.5 0 -1 1 0 0 0 0
0.5 0 -1 1 -1 0 0 0
0.7131054 1 0 1 1 1 0.3591 0
0.9431595 1 0 1 2 1 0.5093 0
0.5 0 0 1 0 0 0 0
0.5 0 -1 1 0 1 0 0
0.5 0 0 1 0 0 0 0
0.5 0 0 1 1 0 -0.4314 0
0.8184907 0 -1 1 1 1 0 0
0.2409456 -1 0 1 0 -1 -0.4767 0
0.03870451 -1 -1 1 1 -1 -0.7269 0
0.9780634 1 0 1 1 1 0.4898 0
0.03870451 -1 -1 1 1 -1 -0.7269 0
0.03870451 -1 -1 1 1 -1 -0.7269 0
0.5 1 0 1 0 1 0 0
0.7841615 0 -1 1 0 1 0 0
0.5 0 -1 1 0 0 0 0
0.5 0 -1 1 0 0 0 0
0.2023881 -1 -1 1 1 -1 0.0772 0
0.5 0 -1 1 0 0 0 0
0.5 0 1 1 0 1 0 0
0.8642456 1 0 1 0 1 0 0
0.9877696 1 1 1 2 1 0.8591 0
0.5 0 -1 1 1 1 0 0
0.5 0 -1 1 0 0 0 0
0.9495524 1 0 1 2 1 0.7269 0
0.9814269 0 1 1 0 1 0.296 0
0.9875433 1 -1 1 0 1 -0.0857 0
0.5 1 1 1 0 1 0 0
0.8233808 0 -1 1 1 0 0 0
0.5 0 0 1 1 1 0 0
0.9309696 0 -1 1 0 1 0.1027 0
0.883454 1 0 1 1 1 0.8016 0
0.5 0 1 1 0 1 0 0
0.5 0 -1 1 1 0 0 0
0.9712904 1 0 1 0 1 0.5719 0
0.8590708 1 -1 1 0 1 0.3182 0
0.5 0 -1 1 0 0 0 0
0.5 0 -1 1 0 0 0 0
0.5 0 -1 1 0 0 0 0
0.5 0 0 1 -1 0 0 0
0.5 0 -1 1 0 0 0 0
0.5 0 -1 1 0 0 0 0
0.5 0 -1 1 0 0 0 0
0.9778717 1 -1 1 1 1 0.6369 0
0.5 0 0 1 0 0 0 0
0.5 0 0 1 0 0 0 0
0.5 0 0 1 0 0 0 0
0.8174178 1 -1 1 0 1 0 0
0.8174178 1 -1 1 0 1 0 0
0.2647652 0 -1 1 2 1 0.6551 0
0.7595944 -1 0 1 1 1 0.2382 0
0.5 0 -1 1 0 0 0 0
0.7786927 1 -1 1 -1 1 0.3182 0
0.02469782 -1 -1 1 -1 -1 -0.4019 0
0.5 -1 -1 1 -1 1 0 0
0.7962357 0 0 1 2 0 0.6705 0
0.5 0 -1 1 0 0 0 0
0.5 0 -1 1 0 1 0 0
0.5 0 -1 1 0 0 0 0
0.5 0 -1 1 0 1 -0.296 0
0.5 0 0 1 0 0 0 0
0.5 -1 -1 1 -2 -1 -0.3666 0
0.5 0 -1 1 1 0 0 0
0.8780456 0 -1 1 0 1 0 0
0.5 0 0 1 0 1 0 0
0.5 -1 -1 1 -1 0 0 0
0.5 0 -1 1 1 0 0 0
0.04819149 0 -1 1 1 0 0.4588 0
0.5 0 -1 1 0 1 0 0
0.5 0 0 1 0 1 0 0
0.1301946 -1 -1 1 -1 -1 -0.4019 0
0.8373429 -1 -1 1 -1 1 0.2732 0
0.9020306 1 0 1 2 1 0.6249 0
0.5 0 -1 1 0 1 0 0
0.5 0 -1 1 0 0 0 0
0.5 0 -1 1 0 0 -0.296 0
0.1484051 0 -1 1 0 0 -0.0516 0
0.7730953 0 -1 1 0 0 0 0
0.2437604 0 1 1 0 1 0.5842 0
0.5 0 0 1 2 -1 0.4199 0
0.5 0 -1 1 0 0 0.2732 0
0.5 0 -1 1 0 1 0 0
0.01045217 -1 -1 1 -1 1 -0.3182 0
0.5 0 -1 1 0 0 0 0
0.01230405 0 0 1 0 0 -0.296 0
0.5 1 -1 1 1 1 0 0
0.5 0 -1 1 0 0 0 0
0.7537275 -1 0 1 -1 1 0 0
0.5 0 -1 1 0 1 0 0
0.5 0 -1 1 0 0 0 0
0.258274 1 1 1 1 1 0 0
0.5 0 -1 1 1 0 0 0
0.5 0 -1 1 0 0 0 0
0.7713734 0 -1 1 0 1 0 0
0.878773 1 0 1 1 1 0.6514 0
0.5 0 -1 1 0 0 0 0
0.5 1 1 1 0 1 -0.4588 0
0.5 0 -1 1 0 0 0 0
0.5 0 0 1 0 0 0 0
0.5 0 -1 1 0 0 0 0
0.5 0 -1 1 0 0 0 0
0.5 0 -1 1 0 0 0 0
0.5 1 0 1 2 1 0.3804 1
0.5 0 -1 1 1 0 0 1
0.9270043 1 -1 1 1 1 0.6369 1
0.5 0 -1 1 0 1 0 1
0.8375684 1 -1 1 0 1 0.5574 1
0.8856362 1 0 1 1 1 0.6705 1
0.9759826 1 -1 1 2 1 0.8176 1
0.5 1 1 1 1 1 0 1
0.9777112 0 1 1 0 1 0.5849 1
0.8675437 1 -1 1 0 1 0.5106 1
0.5 0 0 1 2 1 0.5093 1
0.5 1 -1 1 3 1 0 1
0.5 0 0 1 2 1 0.5093 1
0.8940613 1 -1 1 1 1 0.3182 1
0.9304629 1 -1 1 2 1 0.5719 1
0.8286368 1 0 1 3 1 0.6588 1
0.8286368 1 0 1 3 1 0.6588 1
0.8729302 1 -1 1 0 1 0.5106 1
0.8301743 1 -1 1 0 1 0.5106 1
0.8557747 1 -1 1 0 1 0.5106 1
0.8557747 1 -1 1 0 1 0.5106 1
0.8557747 1 -1 1 0 1 0.5106 1
0.8557747 1 -1 1 0 1 0.5106 1
0.1473961 -1 -1 1 0 1 -0.1027 1
0.7608711 1 0 1 0 1 -0.4023 1
0.9974351 1 0 1 2 1 0.8999 1
0.9788262 1 -1 1 1 1 0.7351 1
0.5 1 0 1 3 1 0.6588 1
0.5 1 -1 1 1 1 0.3182 1
0.9286788 0 -1 1 1 1 0.7418 1
0.9153247 1 1 1 1 1 0.7845 1
0.9732732 1 -1 1 2 1 0.8176 1
0.8863151 1 -1 1 1 1 0.3182 1
0.8863151 1 -1 1 1 1 0.3182 1
0.9932206 1 0 1 2 1 0.8689 1
0.5 0 -1 1 0 1 0 1
0.9847509 0 1 1 0 1 0.5719 1
0.5 0 -1 1 0 1 0 1
0.92847 1 -1 1 0 1 0 1
0.5 0 0 1 1 0 0 1
0.9983591 1 -1 1 2 1 0.7906 1
0.9156801 1 1 1 0 1 0.4215 1
0.8813385 0 -1 1 0 1 0.3612 1
0.9948883 1 -1 1 2 1 0.7906 1
0.9178493 1 -1 1 1 1 0.4404 1
0.9226753 1 1 1 2 1 0.5859 1
0.9958554 1 1 1 3 1 0.9244 1
0.7587586 1 0 1 3 1 0.7405 1
0.2089342 1 -1 1 1 1 0.2263 1
0.5 0 -1 1 1 1 0.1901 1
0.5 0 0 1 1 1 0 1
0.9919178 1 -1 1 0 1 0.6808 1
0.5 0 -1 1 2 0 0 1
0.9974351 1 0 1 2 1 0.8999 1
0.898849 1 -1 1 1 0 0.3786 1
0.7364077 1 0 1 0 1 0.4404 1
0.9692308 1 1 1 2 1 0.636 1
0.9582208 1 1 1 0 1 0.6369 1
0.9192769 1 -1 1 1 0 0.3164 1
0.9652485 0 -1 1 1 1 0.4588 1
0.8846662 1 -1 1 1 1 0.3182 1
0.08756008 0 -1 1 0 -1 -0.7269 1
0.5 1 0 1 1 1 0 1
0.07659177 0 -1 1 0 1 0.0772 1
0.8430593 1 0 1 1 1 0.6705 1
0.2465633 0 -1 1 0 0 0.1027 1
0.9906553 1 -1 1 1 1 0.7959 1
0.2875658 0 -1 1 1 0 0 1
0.2875658 0 -1 1 1 0 0 1
0.9193443 1 -1 1 1 1 0.5093 1
0.9133804 1 1 1 1 1 0.555 1
0.9889031 1 0 1 3 1 0.5974 1
0.5 1 -1 1 1 1 0.4404 1
0.7848783 0 -1 1 0 1 0.204 1
0.9592529 1 0 1 2 1 0.6588 1
0.9304629 1 1 1 2 1 0.5719 1
0.8708133 1 -1 1 1 1 0.3182 1
0.5 0 0 1 2 0 0.6369 1
0.8646245 1 1 1 0 1 0.4404 1
0.9015644 1 0 1 1 1 0.4215 1
0.9925807 1 1 1 4 1 0.9168 1
0.002804925 0 -1 1 -4 0 -0.5574 1
0.5 1 -1 1 2 1 0.6666 1
0.5 1 1 1 2 1 0.6369 1
0.7534887 1 1 1 1 1 0.4404 1
0.9978426 1 1 1 2 1 0.7783 1
0.5 0 0 1 1 0 0 1
0.991854 1 1 1 4 1 0.7713 1
0.8672601 1 1 1 1 1 0.5574 1
0.8428932 1 -1 1 2 1 0.5859 1
0.9960726 0 -1 1 1 1 0.4404 1
0.03023616 -1 -1 1 -3 -1 -0.8807 -1
0.5 0 -1 1 0 0 0 -1
0.5 -1 -1 1 -3 -1 0 -1
0.02659975 -1 -1 1 -1 -1 -0.0258 -1
0.05391149 -1 -1 1 -2 -1 -0.3182 -1
0.5 -1 -1 1 0 -1 0 -1
0.5 0 -1 1 0 0 0 -1
0.760648 -1 -1 1 0 -1 0.128 -1
0.8033843 0 -1 1 1 -1 0.7506 -1
0.7672848 -1 -1 1 -2 -1 -0.25 -1
0.07233001 -1 -1 1 1 -1 -0.4019 -1
0.07233001 -1 -1 1 1 -1 -0.4019 -1
0.07233001 -1 -1 1 1 -1 -0.4019 -1
0.04239716 0 1 1 0 0 -0.1779 -1
0.7689287 0 -1 1 0 -1 0 -1
0.5 -1 -1 1 0 -1 -0.4019 -1
0.1875314 1 -1 1 1 1 -0.3182 -1
0.5 0 -1 1 0 -1 0 -1
0.5 0 -1 1 0 1 0 -1
0.8969626 -1 -1 1 1 -1 0 -1
0.8966357 1 0 1 -1 0 0.3182 -1
0.5 -1 -1 1 -1 -1 0.1695 -1
0.7883556 -1 -1 1 -1 -1 -0.2263 -1
0.3058523 1 -1 1 1 1 -0.2755 -1
0.928997 0 -1 1 0 1 0.5719 -1
0.03801673 0 -1 1 0 0 -0.1779 -1
0.9738918 0 -1 1 2 1 0.5027 -1
0.8073907 -1 -1 1 -2 -1 0.1819 -1
0.1216915 -1 0 1 -1 -1 -0.4019 -1
0.01947496 -1 0 1 -1 -1 -0.6249 -1
0.9241534 0 0 1 1 1 0.6114 -1
0.9241534 0 0 1 1 1 0.6114 -1
0.9241534 0 0 1 1 1 0.6114 -1
0.2095432 0 -1 1 1 0 0.6369 -1
0.9486058 0 -1 1 -2 1 -0.1326 -1
0.0643415 -1 -1 1 -4 -1 -0.6114 -1
0.6781892 -1 -1 1 -2 -1 -0.6597 -1
0.1066916 -1 -1 1 -1 -1 -0.5267 -1
0.5 0 -1 1 0 0 0 -1
0.5 1 -1 1 0 1 0 -1
0.8351657 0 -1 1 -1 -1 0 -1
0.5 -1 -1 1 -2 -1 -0.5106 -1
0.1147628 -1 -1 1 -1 -1 -0.4019 -1
0.5 -1 -1 1 -2 -1 -0.5106 -1
0.5 0 -1 1 0 0 0 -1
0.5 0 -1 1 0 1 0 -1
0.08565956 -1 -1 1 -2 -1 -0.7003 -1
0.5 0 -1 1 -1 -1 0 -1
0.9930278 0 0 1 1 0 0.6486 -1
0.9486058 0 -1 1 -2 1 -0.1326 -1
0.5 -1 -1 1 -1 -1 -0.4215 -1
0.9342123 0 -1 1 2 1 0.7096 -1
0.7460368 0 -1 1 1 0 0.4019 -1
0.5 0 -1 1 0 -1 0.0772 -1
0.08682269 -1 -1 1 -2 -1 -0.3612 -1
0.04763699 -1 -1 1 -2 -1 -0.7003 -1
0.8863272 -1 0 1 1 -1 0.0516 -1
0.7519214 0 -1 1 1 1 0.3818 -1
0.00706348 0 -1 1 -3 1 0.2714 -1
0.5 0 -1 1 0 1 0 -1
0.5 0 -1 1 0 1 0 -1
0.0264313 0 -1 1 -1 -1 -0.3612 -1
0.5 -1 -1 1 0 -1 -0.4019 -1
0.2238154 1 -1 1 2 1 -0.1027 -1
0.04999635 -1 -1 1 -2 -1 -0.7003 -1
0.9168494 1 -1 1 1 1 0.4019 -1
0.5 0 -1 1 0 1 -0.3044 -1
0.0006322837 -1 -1 1 0 -1 0 -1
0.001813095 -1 -1 1 0 -1 -0.836 -1
0.1662609 -1 -1 1 0 0 0 -1
0.9226536 0 0 1 0 0 0.5267 -1
0.2287343 -1 -1 1 0 -1 -0.34 -1
0.158104 0 1 1 -1 0 0.2263 -1
0.5 -1 -1 1 0 -1 0 -1
0.2464514 1 0 1 1 -1 -0.4753 -1
0.1136067 -1 -1 1 -3 -1 -0.5538 -1
0.1671224 0 -1 1 -1 -1 -0.4019 -1
0.1514328 -1 -1 1 -2 -1 -0.5267 -1
0.1514328 -1 -1 1 -2 -1 -0.5267 -1
0.9335988 1 0 1 1 1 0.6369 -1
0.2955331 0 -1 1 -1 1 -0.3612 -1
0.5 0 -1 1 0 1 -0.2732 -1
0.5 1 -1 1 0 1 0 -1
0.5 0 -1 1 0 1 -0.2732 -1
0.5 0 -1 1 0 1 -0.2732 -1
0.05291541 -1 -1 1 -3 -1 -0.296 -1
0.790031 0 -1 1 0 1 0.4576 -1
0.1312336 1 -1 1 -3 1 0.2003 -1
0.01408582 -1 -1 1 -4 -1 -0.6115 -1
0.5 1 -1 1 -1 0 0 -1
0.1169056 -1 -1 1 -4 -1 -0.7717 -1
0.5 0 0 1 0 0 0 -1
0.01222694 -1 -1 1 -1 -1 -0.5775 -1
0.5 0 -1 1 0 0 0 -1
0.08573253 -1 -1 1 -1 -1 -0.4019 -1
0.08573253 -1 -1 1 -1 -1 -0.4019 -1
0.2530225 -1 -1 1 -2 -1 0 -1
0.5 0 -1 1 0 0 0 -1
0.05878147 -1 -1 1 -1 -1 -0.6486 -1
0.02055797 -1 -1 1 -2 -1 -0.5696 -1
0.09399252 -1 -1 1 -1 -1 -0.5848 -1
0.809505 0 1 1 -1 0 0.4215 -1
0.07681292 -1 -1 1 -2 -1 -0.5423 -1
0.001818392 -1 -1 1 -3 -1 -0.7783 -1
0.05578134 -1 -1 1 -2 -1 -0.5423 -1
0.5 0 -1 1 0 1 0 -1
0.5 0 -1 1 0 0 0 -1
0.006849798 -1 -1 1 -3 -1 -0.7351 -1
0.0680786 -1 -1 1 -1 -1 -0.4019 -1
0.5 -1 -1 1 0 -1 0 -1
0.1413977 0 1 1 -2 1 -0.2714 -1
0.9907828 1 -1 1 1 1 0.8777 -1
0.03698459 0 -1 1 -1 0 -0.4404 -1
0.7815197 0 0 1 1 1 0.4753 -1
0.9798794 1 -1 1 0 1 0.5267 -1
0.2281442 -1 0 1 -1 -1 0 -1
0.9793675 1 -1 1 0 1 0.5267 -1
0.8823317 0 -1 1 0 -1 -0.1027 -1
0.5 0 0 1 0 0 0 -1
0.9071808 1 -1 1 1 1 -0.2755 -1
0.5 0 0 1 0 0 0 -1
0.03847417 -1 0 1 -3 -1 -0.7067 -1
0.9531133 0 -1 1 1 1 0.5983 -1
0.5 -1 -1 1 0 -1 -0.25 -1
0.7409701 1 -1 1 0 0 0 -1
0.5 0 -1 1 0 0 0 -1
0.2047884 0 -1 1 0 0 0 -1
0.1431367 -1 -1 1 -2 -1 0 -1
0.5 0 -1 1 0 1 0 -1
0.09191339 -1 -1 1 -2 0 -0.4199 -1
0.003403654 0 -1 1 -1 -1 -0.7269 -1
0.5 1 -1 1 -2 1 0 -1
0.5 0 -1 1 0 0 0 0
0.8781597 0 -1 1 1 1 0.7494 0
0.5 -1 -1 1 0 1 0 0
0.9958762 1 -1 1 1 1 0.7836 0
0.5 0 -1 1 0 1 0 0
0.5 0 -1 1 0 -1 0 0
0.9692897 1 -1 1 1 1 0.6908 0
0.5 0 -1 1 1 1 0.3595 0
0.5 -1 -1 1 -1 1 0 0
0.2840881 1 -1 1 0 1 0 0
0.9214259 1 -1 1 0 1 0 0
0.8266136 1 -1 1 0 1 0 0
0.5 0 -1 1 0 0 0 0
0.5 1 -1 1 0 1 0 0
0.8309688 1 -1 1 0 1 0 0
0.1909961 -1 -1 1 -1 -1 -0.6249 0
0.2710554 -1 -1 1 -1 1 0 0
0.7817783 0 -1 1 -1 1 0.3182 0
0.162346 -1 -1 1 -1 -1 -0.6249 0
0.8101088 1 -1 1 0 1 0 0
0.7829733 1 -1 1 0 1 0 0
0.8101088 1 -1 1 0 1 0 0
0.8266136 1 -1 1 0 1 0 0
0.5 0 -1 1 0 0 0 0
0.8266136 1 -1 1 0 1 0 0
0.8266136 1 -1 1 0 1 0 0
0.8266136 1 -1 1 0 1 0 0
0.5 -1 -1 1 -1 -1 -0.5994 0
0.8448444 -1 1 1 2 1 0.6696 0
0.7431416 1 0 1 2 1 0.8316 0
0.5 1 -1 1 0 1 0 0
0.5 1 -1 1 2 1 0.6514 0
0.5 1 -1 1 2 1 0.6514 0
0.5 -1 -1 1 -1 1 0 0
0.5 -1 -1 1 -1 0 0 0
0.5 0 -1 1 0 0 0.5423 0
0.5 0 -1 1 0 0 0 0
0.8062977 1 -1 1 1 1 0.6124 0
0.909415 1 0 1 1 1 0.6996 0
0.8209934 0 -1 1 1 1 0.4404 0
0.5 0 -1 1 0 0 0 0
0.5 0 -1 1 0 -1 0 0
0.5 0 -1 1 0 -1 0 0
0.271566 0 -1 1 0 1 0.4019 0
0.9855777 1 0 1 2 1 0.743 0
0.5 0 -1 1 -1 0 0 0
0.5 0 -1 1 0 1 0 0
0.5 1 -1 1 0 1 0 0
0.7829572 0 0 1 2 0 0.7873 0
0.8111278 1 -1 1 1 1 0.6369 0
0.5 0 -1 1 0 1 0 0
0.9791636 -1 -1 1 0 1 0.6322 0
0.8667928 1 -1 1 0 1 0.296 0
0.5 0 -1 1 1 0 0 0
0.5 0 -1 1 0 0 0 0
0.5 0 -1 1 0 -1 0 0
0.871522 1 -1 1 1 1 -0.4374 0
0.5 0 0 1 0 0 0 0
0.5 1 0 1 0 1 0 0
0.5 1 0 1 0 1 0 0
0.7452655 1 1 1 0 1 0.4215 0
0.02916339 -1 -1 1 -1 -1 -0.4767 0
0.05445026 -1 -1 1 -1 -1 -0.296 0
0.5 0 -1 1 0 0 0 0
0.9319422 0 -1 1 0 1 0.6597 0
0.9490895 -1 -1 1 1 1 0.69 0
0.1366493 0 0 1 -1 0 -0.4753 0
0.5 0 -1 1 0 1 0.296 0
0.5 1 -1 1 0 1 0.3612 0
0.5 0 -1 1 0 0 0 0
0.5 0 -1 1 0 -1 0 0
0.8667928 1 -1 1 0 1 0.296 0
0.5 0 -1 1 0 0 0 0
0.9980077 1 0 1 2 1 0.8313 0
0.8557747 1 -1 1 0 1 0.5106 0
0.7656763 -1 -1 1 -1 -1 -0.296 0
0.5 0 -1 1 0 1 0.5423 0
0.5 0 -1 1 0 1 0.5423 0
0.5 0 0 1 0 1 0.5423 0
0.9285839 1 -1 1 1 1 0.7003 0
0.8725815 0 -1 1 -1 0 0.34 0
0.5 0 0 1 1 0 0 0
0.5 1 0 1 0 1 0.2732 0
0.5 0 -1 1 0 0 0 0
0.8047862 0 -1 1 0 1 0.4215 0
0.9983489 0 -1 1 2 1 0.8402 0
0.5 0 0 1 0 0 0 0
0.5 0 0 1 0 1 0.1779 0
0.8667337 1 -1 1 0 1 0 0
0.8665726 -1 -1 1 0 1 0.1779 0
0.8116995 0 1 1 0 0 0 0
0.5 0 0 1 0 1 0 0
0.5 0 -1 1 0 0 0 0
0.5 0 1 1 0 -1 0 0
0.5 0 -1 1 1 0 0 0
0.5 0 -1 1 0 0 0 0
0.5 0 -1 1 0 0 0 0
0.7716919 0 -1 1 0 0 0 0
0.5 0 -1 1 0 0 0 0
0.5 0 -1 1 0 1 0 0
0.5 0 -1 1 -2 0 0 0
0.8456569 0 -1 1 0 1 0 0
0.941693 0 -1 1 1 1 0.2714 0
0.01618957 -1 -1 1 -1 -1 -0.3612 0
0.5 0 1 1 0 -1 0 0
0.5 0 -1 1 -1 0 0 0
0.5 0 -1 1 -1 0 0 0
0.5 0 -1 1 0 0 0 0
0.9963291 1 -1 1 2 1 0.9001 0
0.5 0 -1 1 0 1 0 0
0.5 -1 -1 1 -1 -1 0 0
0.8451383 0 -1 1 0 1 0 0
0.9339714 1 1 1 1 1 0.8065 0
0.8074155 1 -1 1 0 1 -0.296 0
0.7771617 -1 -1 1 0 0 0.2732 0
0.5 0 -1 1 0 1 0 0
0.5 0 1 1 0 0 0.4939 0
0.5 0 0 1 0 0 0 0
0.5 0 -1 1 0 0 0 0
0.5 0 -1 1 0 0 0 0
0.9393754 0 -1 1 1 1 0.5983 0
0.2968026 0 0 1 -1 -1 -0.2732 0
0.9961727 1 -1 1 2 1 0.857 0
0.08190739 0 -1 1 0 0 0.4767 0
0.7438238 0 -1 1 0 1 0.3182 0
0.5 0 -1 1 0 0 0 0
0.5 0 1 1 0 0 0.4939 0
0.5 0 -1 1 -1 0 0 0
0.1540704 0 -1 1 2 1 0.25 0
0.5 0 -1 1 0 0 0 0
0.5 0 -1 1 0 0 0 0
0.5 0 -1 1 -1 0 0 0
0.5 0 -1 1 0 -1 -0.2732 0
0.5 0 -1 1 1 1 0.4404 0
0.5 0 -1 1 1 1 0.4404 0
0.70525 0 -1 1 0 1 -0.3736 0
0.5 0 -1 1 0 0 0.5423 0
0.5 1 -1 1 0 1 0 0
0.5 0 0 1 0 1 0 0
0.5 -1 -1 1 0 1 0 0
0.5 0 0 1 0 1 0 0
0.5 0 0 1 0 0 0.4939 0
0.5 0 -1 1 0 1 0 0
0.5 1 0 1 3 1 0.6588 0
0.5 0 -1 1 0 0 0 0
0.1473542 0 -1 1 0 0 -0.296 0
0.9209216 1 -1 1 0 0 0.4215 0
0.5 0 -1 1 0 1 0 0
0.5 0 -1 1 0 0 0 0
0.5 1 -1 1 0 1 -0.0328 0
0.8665726 0 0 1 0 1 0.1779 0
0.2592979 0 -1 1 0 1 0 0
0.5 0 -1 1 0 1 0.5423 0
0.09762112 -1 1 1 0 -1 0.0772 0
0.857221 1 -1 1 0 1 0.4404 0
0.2521896 -1 -1 1 0 1 0.3818 0
0.0491985 0 0 1 1 1 0.3612 0
0.5 0 -1 1 1 0 0 0
0.5 0 -1 1 0 1 0 0
0.5 0 -1 1 0 0 0 0
0.5 0 -1 1 0 1 0 0
0.9961727 1 -1 1 2 1 0.857 0
0.5 0 0 1 0 0 0 0
0.5 1 -1 1 0 1 0.3612 0
0.5 0 1 1 0 0 0 0
0.7824998 0 -1 1 0 1 0.3182 0
0.5 1 -1 1 0 1 0 0
0.8376353 1 -1 1 0 1 0.4588 0
0.5 0 -1 1 2 0 0 0
0.5 0 -1 1 0 0 0 0
0.5 0 -1 1 0 1 0 0
0.5 1 -1 1 0 1 0 0
0.9629397 -1 -1 1 1 1 0.69 0
0.5 0 -1 1 0 1 0 0
0.5 0 -1 1 0 0 0 0
0.5 0 -1 1 0 1 0 0
0.9051681 1 -1 1 0 1 0.2263 0
0.5 1 -1 1 0 1 0 0
0.5 0 -1 1 0 0 0 0
0.5 0 -1 1 0 -1 0 0
0.2909626 0 -1 1 0 0 -0.1027 0
0.1441189 -1 0 1 -1 0 0 0
0.5 0 -1 1 0 0 -0.1027 0
0.9997362 1 1 1 3 1 0.9616 0
0.8667928 1 -1 1 0 1 0.296 0
0.5 0 0 1 0 0 0 0
0.5 0 -1 1 0 0 0.5423 0
0.8247154 1 -1 1 0 1 0.5859 0
0.5 0 -1 1 0 0 0 0
0.5 0 -1 1 0 0 0 0
0.5 0 -1 1 0 0 0 0
0.8895996 0 0 1 0 1 0.296 0
0.9786241 0 -1 1 0 1 0.5859 0
0.8011285 1 -1 1 0 1 0.5994 0
0.7716919 0 -1 1 0 0 0 0
0.9748443 0 0 1 1 1 0.6239 0
0.9866156 0 -1 1 0 1 0 0
0.5 0 1 1 0 1 0 0
0.9869453 0 -1 1 0 1 0 0
0.8561929 0 -1 1 0 1 0.4019 0
0.5 -1 -1 1 0 -1 0 0
0.8054513 0 -1 1 0 1 0.4019 0
0.5 0 -1 1 0 1 0 0
0.5 1 -1 1 0 1 0 0
0.5 1 -1 1 0 1 0.4404 0
0.5 -1 -1 1 0 0 0 0
0.5 0 -1 1 0 1 0 0
0.5 0 0 1 0 0 0 0
0.5 -1 -1 1 -1 -1 0 0
0.8314304 1 -1 1 0 1 0.5106 0
0.9820354 1 -1 1 0 1 0.6908 0
0.5 0 0 1 0 1 0 0
0.5 0 -1 1 0 0 0 0
0.5 0 -1 1 0 0 0 0
0.5 0 0 1 0 0 0 0
0.5 0 0 1 0 0 0 0
0.9820354 1 -1 1 0 1 0.6908 0
0.9820354 1 -1 1 0 1 0.6908 0
0.5 1 -1 1 0 1 0 0
0.5 -1 -1 1 0 -1 0 0
0.5 0 -1 1 0 1 0 0
0.5 0 0 1 0 0 0 0
0.5 0 -1 1 0 1 0 0
0.5 0 -1 1 0 0 0 0
0.5 0 -1 1 1 1 0.3595 0
0.7949625 0 0 1 0 1 0.25 0
0.5 0 -1 1 0 0 0 0
0.5 -1 -1 1 -1 -1 0 0
0.1454548 1 -1 1 -1 1 0.4019 0
0.5 0 -1 1 0 0 0 0
0.5 0 -1 1 0 1 0 0
0.849851 1 -1 1 0 1 0 0
0.5 0 0 1 0 1 0 0
0.5 -1 -1 1 -1 -1 -0.3182 0
0.5 0 -1 1 0 0 0 0
0.5 0 0 1 1 0 0 0
0.8617045 0 -1 1 1 0 0.2023 0
0.2141686 1 -1 1 -1 1 0.4019 0
0.8490966 -1 1 1 2 1 0.6696 0
0.966617 1 -1 1 2 1 0.7073 0
0.966617 1 -1 1 2 1 0.7073 0
0.5 0 -1 1 0 1 0 0
0.5 0 -1 1 0 -1 0.3415 0
0.5 0 0 1 0 1 0 0
0.5 0 0 1 0 1 0 0
0.5 0 0 1 0 1 0 0
0.5 0 -1 1 0 1 0 0
0.5 0 0 1 0 1 0 0
0.5 0 0 1 0 1 0 0
0.5 0 0 1 0 1 0 0
0.7713243 0 -1 1 1 1 0.3182 0
0.5 0 0 1 0 0 0 0
0.9549657 1 0 1 1 0 0.7184 0
0.5 0 -1 1 0 0 0 0
0.8155564 0 0 1 1 1 0.4588 0
0.5 0 0 1 0 0 0 0
0.9586164 1 0 1 2 1 0.8979 0
0.5 0 0 1 0 0 0 0
0.5 0 0 1 0 0 0 0
0.9804953 1 -1 1 1 1 0.7506 0
0.5 0 -1 1 0 1 0 0
0.7759552 1 0 1 0 1 0.5994 0
0.5 0 -1 1 0 1 0 0
0.5 0 -1 1 0 1 0 0
0.957502 1 -1 1 0 1 0.481 0
0.5 0 -1 1 0 0 -0.0572 0
0.5 0 -1 1 0 1 0 0
0.5 0 -1 1 0 0 -0.0572 0
0.9994746 1 1 1 1 1 0.8122 0
0.5 1 -1 1 0 1 0.4404 0
0.9375708 1 -1 1 0 1 0 0
0.1199737 -1 0 1 0 0 -0.6486 0
0.2227633 0 0 1 0 0 -0.1513 0
0.2239852 -1 -1 1 0 -1 -0.34 0
0.5 0 -1 1 0 1 0 0
0.5 0 -1 1 0 0 0 0
0.5 1 1 1 2 1 0 0
0.5 0 -1 1 0 1 0 0
0.9331304 1 -1 1 1 1 0 0
0.5 0 -1 1 0 0 0 0
0.5 0 -1 1 0 1 0 0
0.5 0 -1 1 -1 0 0 0
0.5 0 -1 1 0 0 0 0
0.2235609 -1 -1 1 -1 -1 -0.3804 0
0.5 0 -1 1 -1 0 0 0
0.5 0 -1 1 -1 0 0 0
0.5 0 -1 1 -1 0 0 0
0.5 0 -1 1 -1 0 0 0
0.5 0 0 1 0 0 0 0
0.5 0 -1 1 -1 0 0 0
0.828977 1 -1 1 0 1 0.5106 0
0.956581 1 -1 1 0 1 0.0516 0
0.5 0 -1 1 0 1 0 0
0.7533398 0 -1 1 0 1 0.4019 0
0.177775 0 -1 1 0 1 0 0
0.8980539 1 0 1 1 1 0.8901 0
0.5 0 -1 1 0 1 0.296 0
0.5 0 -1 1 0 0 0 0
0.5 0 -1 1 0 0 -0.296 0
0.5 0 0 1 0 0 0 0
0.8785755 1 -1 1 2 1 0.4753 0
0.5 0 0 1 0 1 0 0
0.756472 0 -1 1 -1 1 0.3818 0
0.5 0 -1 1 0 1 0 0
0.5 0 -1 1 0 1 0 0
0.5 0 -1 1 0 0 0 0
0.8716334 1 -1 1 1 1 0.6633 0
0.8347072 1 -1 1 0 1 0.3818 0
0.5 -1 -1 1 -1 -1 -0.3182 0
0.2237322 -1 -1 1 -2 1 -0.3597 0
0.8357751 1 -1 1 0 1 0.3818 0
0.2258487 -1 0 1 -2 1 -0.6249 0
0.8119963 1 0 1 3 1 0.5707 0
0.5 -1 -1 1 0 0 -0.0258 0
0.9643004 1 -1 1 0 1 0.3818 0
0.5 0 -1 1 1 1 0 0
0.5 0 -1 1 1 0 0 0
0.5 0 -1 1 0 0 0 0
0.2699109 -1 -1 1 -2 -1 -0.4404 0
0.8604384 1 -1 1 0 1 0.6124 0
0.5 0 0 1 0 1 0 0
0.8907887 0 1 1 0 0 0 0
0.5 0 -1 1 0 1 0 0
0.5 0 -1 1 1 0 0 0
0.8070169 1 -1 1 0 1 0.4215 0
0.5 0 -1 1 0 1 0 0
0.5 0 -1 1 0 0 0 0
0.5 0 -1 1 1 0 0 0
0.5 0 -1 1 0 0 0 0
0.5 0 -1 1 0 1 0 0
0.7503161 0 -1 1 -1 1 -0.25 0
0.8423614 -1 -1 1 0 1 0.128 0
0.5 0 -1 1 0 0 0 0
0.2816715 1 -1 1 0 1 0 0
0.5 -1 -1 1 0 0 -0.0258 0
0.5 -1 -1 1 0 -1 -0.4588 0
0.826592 0 0 1 0 1 -0.0772 0
0.5 0 -1 1 0 1 0.3818 0
0.5 -1 -1 1 0 -1 -0.4588 0
0.5 -1 -1 1 -1 1 0 0
0.5 0 -1 1 0 0 0 0
0.5 0 -1 1 0 0 0 0
0.8857825 0 -1 1 0 1 0.3182 0
0.5 0 1 1 0 0 0 0
0.8796891 0 0 1 0 1 0.4019 0
0.9214935 1 0 1 1 1 0.5859 0
0.5 0 0 1 0 1 0 0
0.5 0 -1 1 0 1 0 0
0.944372 0 -1 1 0 0 0.4939 0
0.5 -1 -1 1 -1 1 0 0
0.5 1 -1 1 0 1 0 0
0.5 0 -1 1 0 0 0 0
0.5 0 -1 1 0 0 0 0
0.5 0 -1 1 0 0 0 0
0.9972207 1 0 1 1 1 0.8176 0
0.5 0 0 1 1 1 0 0
0.7213479 1 -1 1 0 1 0.4215 0
0.8769374 0 -1 1 0 1 0.296 0
0.8759226 0 -1 1 0 1 0.296 0
0.5 0 -1 1 1 0 0.4404 0
0.5 1 -1 1 1 1 0.5106 0
0.9952209 1 -1 1 2 1 0.6808 0
0.5 0 -1 1 1 0 0 0
0.5 0 -1 1 1 1 0 0
0.5 0 -1 1 0 -1 0 0
0.7729825 -1 -1 1 2 1 0.5411 0
0.5 0 -1 1 0 0 0 0
0.1160701 -1 0 1 -1 -1 -0.5859 0
0.5 0 -1 1 0 1 0 0
0.1129561 -1 -1 1 0 -1 -0.4767 0
0.5 0 -1 1 1 0 0 0
0.7837034 0 -1 1 0 0 0 0
0.8485261 -1 0 1 -1 -1 0.1027 0
0.9602963 1 -1 1 0 1 0.3818 0
0.8680829 -1 -1 1 0 1 0 0
0.9779493 1 1 1 2 1 0.4939 0
0.8340113 0 0 1 1 1 0.3182 0
0.5 0 -1 1 0 0 -0.296 0
0.9051681 1 -1 1 0 1 0.2263 0
0.5 0 -1 1 0 1 0 0
0.5 -1 -1 1 0 -1 0 0
0.5 -1 -1 1 0 1 0 0
0.5 0 -1 1 1 1 0.4404 0
0.5 0 -1 1 0 0 0 0
0.5 0 -1 1 0 0 0 0
0.5 0 -1 1 0 0 0 0
0.9051681 1 -1 1 0 1 0.2263 0
0.9619606 1 -1 1 1 1 0.1779 0
0.5 0 0 1 0 0 0 0
0.5 0 -1 1 0 1 0 0
0.1514328 -1 -1 1 -2 -1 -0.5267 0
0.5 0 -1 1 0 0 0 0
0.1337458 -1 0 1 -2 -1 -0.4404 0
0.8181274 0 -1 1 1 1 0.4939 0
0.5 0 1 1 1 1 0.4404 0
0.5 0 1 1 0 0 0 0
0.8783234 -1 -1 1 -1 1 -0.128 0
0.5 0 1 1 1 1 0.4404 0
0.5 0 -1 1 -1 0 0 0
0.8040807 1 -1 1 1 1 0.3182 0
0.5 -1 -1 1 0 0 0 0
0.8407457 0 -1 1 1 1 0.4588 0
0.5 1 -1 1 1 1 0 0
0.5 1 -1 1 1 1 0 0
0.5 0 -1 1 0 0 0 0
0.5 -1 -1 1 0 0 0 0
0.5 0 -1 1 0 1 0 0
0.5 -1 -1 1 0 0 0 0
0.5 0 -1 1 0 0 0 0
0.5 0 -1 1 0 0 0 0
0.5 1 -1 1 1 1 0 0
0.5 1 -1 1 1 1 0 0
0.7501348 0 -1 1 1 1 0.3382 0
0.5 1 -1 1 1 1 0 0
0.5 0 0 1 0 1 0 0
0.5 1 -1 1 0 1 0 0
0.5 0 -1 1 0 1 0 0
0.8598937 0 -1 1 1 1 0.6166 0
0.5 0 -1 1 0 0 0 0
0.5 1 -1 1 1 1 0 0
0.5 1 0 1 1 1 0 0
0.5 1 0 1 1 1 0 0
0.5 0 -1 1 0 1 0 0
0.5 0 0 1 0 0 0 0
0.5 -1 -1 1 -2 1 -0.25 0
0.5 0 -1 1 0 1 0 0
0.5 0 -1 1 1 0 0 0
0.5 0 -1 1 1 1 0 0
0.5 -1 -1 1 0 -1 -0.4588 0
0.9959681 1 -1 1 2 1 0.802 0
0.796141 0 -1 1 0 1 0.3182 0
0.5 0 -1 1 -1 1 -0.296 0
0.5 0 -1 1 0 0 0 0
0.5 0 -1 1 0 1 0 0
0.2397636 1 -1 1 0 1 0 0
0.5 0 -1 1 0 0 0 0
0.09773774 -1 -1 1 -3 1 -0.5562 0
0.8756691 0 -1 1 1 1 0.4767 0
0.2268326 1 -1 1 0 1 0 0
0.5 0 -1 1 0 -1 0 0
0.9827092 1 -1 1 0 1 0.3182 0
0.5 0 -1 1 0 1 0 0
0.8528508 1 -1 1 0 1 0 0
0.5 0 0 1 0 0 0 0
0.5 1 -1 1 0 1 0 0
0.2065215 1 -1 1 0 1 0.4215 0
0.3175098 -1 0 1 0 -1 -0.5994 0
0.9990105 1 -1 1 2 1 0.7177 0
0.5 0 1 1 1 0 0.4404 0
0.5 0 0 1 0 0 0 0
0.9296627 1 0 1 1 1 0.8402 0
0.7883962 1 -1 1 2 1 0.25 0
0.992174 1 -1 1 2 1 0.8074 0
0.5 0 0 1 0 0 0 0
0.8811644 0 -1 1 0 0 0.2023 0
0.8001222 1 -1 1 1 1 0.4939 0
0.5 0 -1 1 0 1 0 0
0.5 0 -1 1 0 1 0 0
0.2694926 1 -1 1 0 1 0 0
0.2725143 -1 -1 1 -2 -1 -0.4404 0
0.5 0 -1 1 0 0 0 0
0.5 0 -1 1 0 0 0 0
0.5 0 0 1 0 1 0.25 0
0.5 0 -1 1 0 0 0 0
0.5 0 -1 1 0 1 0 0
0.5 0 -1 1 1 0 0 0
0.5 0 -1 1 0 0 0 0
0.9715523 1 -1 1 0 1 0.6908 0
0.5 0 -1 1 1 0 0 0
0.5 0 -1 1 0 0 0 0
0.5 0 -1 1 0 1 0 0
0.5 0 -1 1 -1 0 -0.2808 0
0.9730587 1 -1 1 0 1 0.6908 0
0.5 -1 0 1 0 -1 0 0
0.5 1 -1 1 1 1 0.3612 0
0.5 0 -1 1 0 1 0 0
0.5 -1 -1 1 0 -1 0 0
0.5 -1 -1 1 0 0 0 0
0.1337458 -1 -1 1 -2 -1 -0.4404 0
0.5 1 -1 1 0 1 0.4588 0
0.5 0 -1 1 1 0 0.4404 0
0.5 0 0 1 0 0 0 0
0.5 0 -1 1 1 0 0 0
0.7903723 0 -1 1 1 1 0 0
0.5 -1 -1 1 0 -1 0 0
0.5 1 1 1 2 1 0.6249 0
0.2840881 1 -1 1 0 1 0 0
0.2840881 1 -1 1 0 1 0 0
0.5 1 -1 1 1 1 0.3612 0
0.5 0 -1 1 0 1 0.2732 0
0.5 0 -1 1 0 0 0 0
0.8667928 1 -1 1 0 1 0.296 0
0.5 0 -1 1 0 0 0 0
0.5 0 -1 1 0 0 0 0
0.9768931 0 -1 1 0 1 0.3182 0
0.5 0 0 1 0 0 0 0
0.7709717 0 -1 1 2 1 0.4404 0
0.7709717 0 -1 1 2 1 0.4404 0
0.9989116 1 -1 1 0 1 0.7579 0
0.5 -1 -1 1 0 1 0 0
0.7302191 -1 0 1 -1 -1 0 0
0.5 0 -1 1 0 0 0 0
0.5 1 -1 1 0 1 0 0
0.09848576 -1 -1 1 -2 0 -0.0516 0
0.5 0 -1 1 0 0 0 0
0.5 -1 -1 1 0 1 0 0
0.5 1 -1 1 0 1 0 0
0.9618839 -1 -1 1 0 0 0.5574 0
0.2659941 -1 -1 1 0 0 0 0
0.8399005 -1 -1 1 0 1 0.3612 0
0.5 0 -1 1 0 1 0 0
0.5 0 -1 1 0 1 0 0
0.233506 0 -1 1 1 0 0.4588 0
0.8559937 0 -1 1 0 0 0 0
0.5 0 -1 1 1 0 0 0
0.8161436 0 -1 1 0 1 0.128 0
0.5 0 0 1 1 0 0.4215 0
0.5 0 -1 1 0 0 0 0
0.7697614 1 -1 1 0 1 0 0
0.9683409 0 0 1 1 1 0.6808 0
0.823519 0 -1 1 0 1 0.1027 0
0.5 0 -1 1 0 0 0 0
0.9780331 0 -1 1 1 1 0.5256 0
0.5 0 -1 1 0 1 0 0
0.7466492 0 0 1 0 1 0.4019 0
0.5 0 -1 1 0 1 0 0
0.5 -1 -1 1 -1 1 0 0
0.0235972 -1 -1 1 -1 -1 -0.4767 0
0.5 0 -1 1 0 0 0 0
0.5 0 -1 1 0 0 0 0
0.5 0 -1 1 0 1 0 0
0.9507575 0 -1 1 1 1 0.4404 0
0.5 0 -1 1 1 0 0 0
0.5 0 -1 1 0 1 0 0
0.9937657 1 -1 1 2 1 0.8074 0
0.5 0 0 1 0 0 0 0
0.5 -1 -1 1 -1 1 0 0
0.5 0 0 1 0 1 0 0
0.800217 1 -1 1 0 1 0 0
0.5 -1 -1 1 -1 0 -0.4767 0
0.5 0 -1 1 0 1 0 0
0.8380053 1 -1 1 0 1 0.5106 0
0.5 -1 -1 1 -1 1 0 0
0.5 0 -1 1 0 0 0 0
0.5 -1 -1 1 -1 1 0 0
0.9922535 1 -1 1 1 1 0.5983 0
0.9910714 1 1 1 1 1 0.5983 0
0.1467309 -1 -1 1 -2 -1 -0.4404 0
0.5 -1 -1 1 -1 1 0 0
0.5 -1 -1 1 -1 1 0 0
0.5 0 -1 1 0 0 0 0
0.04118935 0 -1 1 -1 0 0.6249 0
0.2006327 -1 -1 1 -1 -1 -0.296 0
0.5 0 -1 1 0 1 0 0
0.9277984 1 0 1 1 1 -0.6259 0
0.5 1 -1 1 0 1 0 0
0.2840881 1 -1 1 0 1 0 0
0.8270262 0 0 1 0 1 0.4019 0
0.5 0 -1 1 0 0 0 0
0.9166076 1 1 1 1 1 0.6689 0
0.5 0 -1 1 0 0 0 0
0.5 0 -1 1 0 0 0 0
0.002175184 0 -1 1 -1 -1 -0.4215 0
0.7303258 1 -1 1 0 1 0 0
0.5 0 -1 1 1 1 0 0
0.5 0 -1 1 1 1 0 0
0.5 0 -1 1 1 1 0 0
0.1224969 -1 -1 1 -3 -1 -0.2023 0
0.8270262 0 0 1 0 1 0.4019 0
0.8240393 0 -1 1 1 1 0.4019 0
0.9898818 1 1 1 0 1 0.5719 0
0.8680774 1 1 1 0 1 0.5719 0
0.1337458 -1 -1 1 -2 -1 -0.4404 0
0.8680774 1 1 1 0 1 0.5719 0
0.5 0 -1 1 0 1 0 0
0.5 0 -1 1 1 1 0 0
0.5 0 -1 1 0 0 0 0
0.5 0 -1 1 1 1 0 0
0.07687054 -1 -1 1 -2 1 -0.1531 0
0.2139787 1 -1 1 -1 1 0.5719 0
0.1919302 1 -1 1 0 1 0.4215 0
0.7873667 0 -1 1 0 1 0.3182 0
0.5 0 -1 1 0 1 0 0
0.5 0 -1 1 1 0 0 0
0.836579 -1 -1 1 0 0 0.128 0
0.5 -1 -1 1 1 1 0.4215 0
0.5 0 0 1 0 1 0 0
0.5 0 0 1 0 0 0 0
0.9611681 1 -1 1 0 1 0.7003 0
0.5 0 -1 1 0 0 0 0
0.9694479 1 -1 1 0 1 0.6124 0
0.6893376 1 -1 1 0 1 0.3612 0
0.9312032 1 1 1 3 1 0.6239 0
0.9813903 1 -1 1 1 1 0.6124 0
0.8334936 0 -1 1 0 1 0.128 0
0.8773187 1 -1 1 1 1 0.4576 0
0.9668792 0 -1 1 1 1 0.34 0
0.5 0 -1 1 1 0 0 0
0.5 0 -1 1 0 -1 -0.5574 0
0.5 0 -1 1 0 0 0 0
0.0508046 -1 -1 1 -2 -1 -0.7717 0
0.8696747 0 -1 1 0 1 0.3182 0
0.5 0 0 1 0 -1 -0.5574 0
0.5 -1 -1 1 0 -1 0 0
0.77166 0 -1 1 0 1 0.3612 0
0.8035741 1 -1 1 0 1 0 0
0.9752902 0 1 1 1 1 0.2732 0
0.5 0 -1 1 0 0 0 0
0.8062818 0 -1 1 1 0 0.4926 0
0.9967103 0 -1 1 1 1 0.7717 0
0.5 1 -1 1 0 1 0 0
0.9729856 1 -1 1 0 1 0.7096 0
0.8062818 0 -1 1 1 0 0.4926 0
0.8062818 0 -1 1 1 0 0.4926 0
0.5 0 -1 1 0 -1 0 0
0.5 0 -1 1 0 1 0 0
0.7186467 0 -1 1 0 0 0 0
0.5 1 -1 1 0 1 0 0
0.5 0 -1 1 0 0 0 0
0.8536437 0 -1 1 0 1 0 0
0.5 0 -1 1 0 1 0 0
0.9659122 1 0 1 2 1 0.8916 0
0.5 0 -1 1 0 1 0 0
0.2719668 0 0 1 1 0 0.5106 0
0.5 0 -1 1 -1 0 0 0
0.5 0 -1 1 0 1 0 0
0.7783545 1 -1 1 0 1 0.5106 0
0.5 0 1 1 0 0 0 0
0.5 1 -1 1 0 1 0 0
0.5 0 -1 1 0 1 0 0
0.2840881 1 -1 1 0 1 0 0
0.5 0 -1 1 1 0 0 0
0.5 -1 -1 1 1 1 0 0
0.2776687 0 -1 1 1 0 0 0
0.8803399 0 -1 1 0 1 0.3612 0
0.5 -1 1 1 1 -1 0 0
0.5 0 -1 1 0 0 0 0
0.5 0 -1 1 1 1 0 0
0.1932784 0 -1 1 -1 1 -0.1027 0
0.5 0 0 1 0 0 0 0
0.5 0 0 1 0 0 0 0
0.8351037 1 0 1 3 1 0.6988 1
0.5 1 -1 1 0 1 0 1
0.9342733 0 0 1 0 1 0.3818 1
0.1321409 -1 -1 1 0 0 -0.1531 1
0.7957324 0 0 1 2 -1 0.7263 1
0.07725026 0 1 1 1 0 -0.4442 1
0.9024716 1 1 1 1 1 -0.3595 1
0.5 0 -1 1 0 -1 0 1
0.9144919 -1 -1 1 -1 -1 0.7761 1
0.03344862 -1 -1 1 0 -1 -0.7506 1
0.5 1 0 1 3 1 0.6988 1
0.5 0 0 1 0 0 0 1
0.9933469 1 1 1 1 1 0.802 1
0.1201898 1 -1 1 1 1 0.0516 1
0.2328688 1 0 1 1 1 0.4767 1
0.5 1 0 1 0 1 0 1
0.5 0 0 1 1 0 0 1
0.5 0 1 1 1 0 0 1
0.5 0 -1 1 1 0 0 1
0.5 0 1 1 3 0 0 1
0.00295772 -1 -1 1 -2 -1 -0.3167 1
0.9582928 0 0 1 2 1 0.4926 1
0.5 0 -1 1 1 0 0 1
0.2662999 1 -1 1 2 1 -0.5096 1
0.7178646 1 1 1 2 1 0.4927 1
0.5 0 -1 1 0 0 0 1
0.5 0 -1 1 0 0 -0.296 1
0.5 0 0 1 0 0 0 1
0.8485971 -1 -1 1 -1 0 0.5134 1
0.1179683 1 1 1 -1 1 0.2006 1
0.9438233 1 1 1 0 1 0.5483 1
0.8938549 1 -1 1 1 1 0.4588 1
0.2049906 1 0 1 0 1 0.0697 1
0.9284877 0 0 1 1 0 0.4588 1
0.5 0 0 1 1 0 0 1
0.845671 1 1 1 1 1 0.5106 1
0.02971225 -1 0 1 -2 -1 -0.9022 1
0.8123142 1 -1 1 2 1 0.7893 1
0.8940322 0 -1 1 -2 -1 -0.3254 1
0.04390534 0 0 1 0 0 0.3597 1
0.9318661 1 -1 1 0 1 0 1
0.8680798 -1 0 1 0 -1 0.4588 1
0.5 1 -1 1 1 1 0.4404 1
0.9210888 1 1 1 2 1 0.9155 1
0.9503036 0 0 1 0 1 0.4019 1
0.8703243 1 1 1 1 1 0.4019 1
0.5 1 -1 1 1 1 0.3612 1
0.02358671 -1 1 1 -2 -1 -0.4199 1
0.5 1 0 1 2 1 0.6369 1
0.5 1 0 1 1 1 0.3612 1
0.00733647 -1 1 1 -1 -1 -0.6428 1
0.818234 0 1 1 1 1 0.4215 1
0.5 1 1 1 3 1 0.6696 1
0.5 -1 1 1 -1 -1 0 1
0.5 0 -1 1 0 0 0 1
0.8748699 1 -1 1 2 1 0.7056 1
0.9415318 0 0 1 1 0 0.4588 1
0.9694284 1 1 1 2 1 0.8455 1
0.9594241 1 -1 1 1 1 0.6418 1
0.5 1 1 1 -2 -1 -0.2263 1
0.8755715 0 0 1 1 1 0.4588 1
0.8237244 0 1 1 1 1 0.2244 1
0.5 0 -1 1 0 0 0 -1
0.1694331 -1 -1 1 -1 -1 -0.34 -1
0.2208184 1 -1 1 0 1 -0.1531 -1
0.5 -1 0 1 -1 -1 0 -1
0.1486114 -1 -1 1 0 -1 0 -1
0.04983153 0 -1 1 -3 1 -0.5719 -1
0.2616884 0 -1 1 0 0 0 -1
0.06764276 1 -1 1 -1 1 -0.3182 -1
0.00995231 -1 -1 1 -1 -1 -0.6633 -1
0.7260751 -1 -1 1 -1 0 -0.4019 -1
0.2094522 1 -1 1 0 1 0 -1
0.7839682 1 -1 1 1 1 0.4215 -1
0.2425578 -1 -1 1 -1 -1 -0.4767 -1
0.2192433 1 -1 1 0 1 -0.1531 -1
0.08767261 0 -1 1 -2 -1 -0.6588 -1
0.2298767 0 0 1 0 0 0 -1
0.08767261 0 0 1 -2 -1 -0.6588 -1
0.9106692 -1 -1 1 0 1 -0.1027 -1
0.1486114 -1 -1 1 0 -1 0 -1
0.1012795 -1 -1 1 -1 -1 -0.4019 -1
0.5 0 0 1 0 0 0 -1
0.0435496 0 -1 1 0 0 0 -1
0.5 -1 0 1 -1 -1 0 -1
0.5 0 -1 1 0 0 0 -1
0.122492 -1 -1 1 -1 -1 -0.2144 -1
0.01390632 -1 -1 1 -2 -1 -0.8906 -1
0.00162707 -1 -1 1 -2 -1 -0.6239 -1
0.05138696 -1 -1 1 -3 -1 -0.7901 -1
0.5 0 0 1 1 0 0 -1
0.0995618 -1 0 1 -1 -1 -0.5859 -1
0.00914886 -1 -1 1 -1 -1 -0.5983 -1
0.5 -1 -1 1 0 -1 0 -1
0.5 0 -1 1 -1 0 0 -1
0.8800477 0 -1 1 0 0 0.2247 -1
0.05782878 1 -1 1 1 1 0.3612 -1
0.1078657 -1 -1 1 0 0 -0.1847 -1
0.02159627 -1 -1 1 -1 1 -0.5106 -1
0.9883996 1 -1 1 1 1 0.6369 -1
0.0286209 -1 -1 1 -1 1 -0.5106 -1
0.215769 -1 -1 1 0 0 -0.5294 -1
0.215769 -1 -1 1 0 0 -0.5294 -1
0.6999606 0 -1 1 0 1 0 -1
0.7443747 0 -1 1 1 0 0 -1
0.04116677 0 0 1 0 -1 -0.25 -1
0.07336448 0 0 1 -2 -1 -0.6597 -1
0.007126034 -1 -1 1 0 -1 -0.501 -1
0.201564 0 -1 1 1 0 0.4184 -1
0.07383337 -1 -1 1 0 -1 -0.4559 -1
0.7686298 -1 -1 1 0 -1 -0.4633 -1
0.02634953 -1 0 1 -3 -1 -0.8862 -1
0.0610183 -1 0 1 -3 -1 -0.5719 -1
0.5 0 0 1 2 0 0 -1
0.9084073 0 -1 1 0 0 -0.2912 -1
0.2219193 -1 -1 1 -1 -1 -0.5009 -1
0.9773586 1 -1 1 1 1 0.5508 -1
0.06649732 -1 -1 1 1 -1 -0.4003 -1
0.5 0 0 1 0 0 0 -1
0.09400075 0 -1 1 0 0 0 -1
0.001777474 -1 1 1 -2 -1 0.8402 -1
0.5 -1 -1 1 -2 -1 0 -1
0.5 -1 -1 1 -1 -1 -0.6808 -1
0.09400075 0 -1 1 0 0 0 -1
0.003316658 -1 -1 1 -3 -1 -0.8127 -1
0.1388188 -1 0 1 0 -1 0 -1
0.2074131 0 -1 1 -1 1 0 -1
0.5 0 -1 1 1 0 0 -1
0.1755698 0 -1 1 -1 -1 -0.5473 -1
0.8800183 0 -1 1 1 0 -0.1179 0
0.9161517 0 -1 1 2 0 0.4468 0
0.5 -1 -1 1 1 -1 0 0
0.5 0 0 1 1 1 0 0
0.5 0 -1 1 0 0 -0.296 0
0.160765 -1 -1 1 -2 -1 -0.5423 0
0.8638596 0 -1 1 0 1 0.4466 0
0.5 -1 -1 1 -1 -1 -0.4215 0
0.5 0 1 1 0 1 0 0
0.2799392 1 -1 1 0 1 0.6808 0
0.7928706 -1 -1 1 1 -1 0.4215 0
0.5 0 -1 1 1 0 0 0
0.5 0 0 1 2 0 0.4559 0
0.5 0 0 1 0 0 0 0
0.5 0 0 1 0 0 0 0
0.8638596 0 -1 1 0 1 0.4466 0
0.2125336 0 -1 1 1 -1 -0.1511 0
0.8753024 -1 0 1 0 -1 0.2263 0
0.05391583 0 1 1 -1 0 -0.4404 0
0.5 0 -1 1 0 0 -0.5267 0
0.8311481 1 1 1 1 1 0.7959 0
0.5 0 -1 1 0 0 0 0
0.2146413 0 -1 1 -1 -1 -0.0516 0
0.5 0 -1 1 0 1 0 0
0.5 0 -1 1 0 0 0 0
0.5 0 0 1 1 0 0 0
0.5 1 -1 1 1 1 0.3612 0
0.1938838 -1 0 1 1 0 -0.6749 0
0.5 0 -1 1 0 0 0 0
0.8299554 0 0 1 0 0 0.2263 0
0.9955781 1 1 1 2 1 0.8213 0
0.895399 1 -1 1 2 1 0.8879 0
0.5 0 -1 1 0 0 0 0
0.08346625 1 -1 1 1 1 0.4404 0
0.5 1 -1 1 1 1 0.4173 0
0.9009588 0 0 1 1 0 0.34 0
0.5 0 -1 1 -1 0 0 0
0.5 0 0 1 0 0 0 0
0.5 0 -1 1 0 0 0 0
0.5 0 -1 1 1 0 0 0
0.5 0 0 1 1 0 0 0
0.5 1 0 1 1 1 0.4404 0
0.5 -1 -1 1 -1 -1 -0.1027 0
0.5 0 0 1 0 0 0 0
0.002439787 -1 -1 1 0 1 -0.296 0
0.2159132 0 -1 1 1 1 0.3612 0
0.09331148 -1 0 1 -1 -1 -0.1779 0
0.5 0 -1 1 0 0 0 0
0.9979139 1 0 1 2 1 0.8302 0
0.8918425 1 -1 1 2 1 0.8531 0
0.5 0 1 1 0 0 0 0
0.9796892 0 0 1 2 1 0.5399 0
0.2715447 0 -1 1 0 0 0 0
0.5 0 -1 1 0 1 0 0
0.5 -1 -1 1 -1 -1 0 0
0.07176221 -1 -1 1 -1 -1 -0.7783 0
0.7808745 0 -1 1 0 0 0.5719 0
0.5 -1 -1 1 -1 -1 -0.1027 0
0.5 -1 -1 1 -2 -1 -0.4696 0
0.5 1 -1 1 0 0 0.2023 0
0.9175835 0 -1 1 0 1 0.4549 0
0.03796262 -1 -1 1 -1 -1 -0.3612 0
0.9635277 1 0 1 0 1 0.8556 0
0.05369708 -1 0 1 -1 -1 -0.7339 0
0.5 1 -1 1 0 1 0 0
0.8626666 0 -1 1 0 -1 -0.0772 0
0.9121804 1 -1 1 3 1 0.7192 0
0.5 0 -1 1 0 0 0 0
0.5 0 0 1 1 0 0 0
0.5 0 0 1 0 0 0 0
0.9868095 0 -1 1 2 1 0.884 0
0.5 0 0 1 0 0 0 0
0.9312053 0 -1 1 0 1 0.1027 0
0.5 0 -1 1 0 0 0 0
0.5 0 0 1 0 0 0 0
0.9834273 1 -1 1 0 1 0.8016 0
0.01664738 -1 0 1 -1 -1 -0.34 0
0.5 0 0 1 0 0 0 0
0.8658464 1 0 1 1 1 0.3182 0
0.5 0 -1 1 0 0 0 0
0.9641017 1 -1 1 1 1 0.6103 0
0.1429962 -1 -1 1 -2 -1 -0.631 0
0.2666236 -1 -1 1 1 -1 -0.6739 0
0.5 0 -1 1 0 0 0 0
0.5 0 -1 1 0 0 0 0
0.5 0 -1 1 1 0 0 0
0.5 0 0 1 1 0 0 0
0.5 0 0 1 1 1 0 0
0.5 0 -1 1 0 1 0 0
0.5 0 -1 1 0 0 0 0
0.5 0 -1 1 0 0 0 0
0.5 0 0 1 0 0 0 0
0.5 0 0 1 0 0 0 0
0.5 0 -1 1 0 -1 0 0
0.5 0 0 1 0 0 0.4466 0
0.1890717 0 -1 1 0 0 0 0
0.9285832 0 1 1 0 1 0.296 0
0.9633845 0 -1 1 0 1 0.4588 0
0.5 0 -1 1 0 0 0 0
0.1362361 -1 -1 1 1 -1 0.6931 0
0.5 0 -1 1 0 0 0 0
0.5 0 0 1 0 0 0 0
0.9324745 0 -1 1 0 0 0.4084 0
0.2419156 -1 -1 1 0 -1 -0.5574 0
0.2129496 0 -1 1 1 0 0.4062 0
0.1622594 0 -1 1 0 1 0.4336 0
0.5 0 0 1 0 0 0 0
0.1228294 1 -1 1 0 -1 0.3818 0
0.5 0 -1 1 0 0 0.296 0
0.8560184 0 0 1 2 0 0.3802 0
0.5 0 -1 1 1 0 0 0
0.5 0 -1 1 1 1 0.5067 0
0.9641017 1 -1 1 1 1 0.6103 0
0.9291768 1 0 1 2 1 0.5574 0
0.5 0 -1 1 1 0 0 0
0.5 0 -1 1 0 -1 0 0
0.8429436 -1 0 1 -4 -1 0.4215 0
0.7851851 0 0 1 1 1 0 0
0.1297118 1 -1 1 1 1 0.7998 0
0.5 0 0 1 0 0 0 0
0.9911334 1 1 1 2 1 0.9081 0
0.9420222 1 -1 1 1 1 0.5267 0
0.2855065 0 -1 1 -1 0 0 0
0.7497679 0 -1 1 1 0 0 0
0.5 -1 -1 1 0 -1 -0.3595 0
0.01811185 -1 0 1 -3 -1 -0.7644 0
0.7706702 -1 -1 1 2 -1 0.7506 0
0.5 0 0 1 0 0 0 0
0.5 0 0 1 0 0 0 0
0.06214257 -1 -1 1 -1 -1 -0.3806 0
0.8508637 0 0 1 3 1 0.4738 0
0.1307263 -1 -1 1 -1 -1 -0.541 0
0.9641017 1 -1 1 1 1 0.6103 0
0.5 1 -1 1 1 1 0 0
0.5 1 0 1 0 1 0 0
0.5 0 0 1 0 0 0 0
0.7790741 0 -1 1 0 1 0.6541 0
0.1180791 -1 -1 1 -1 -1 -0.3182 0
0.5 -1 -1 1 -1 -1 0 0
0.5 0 -1 1 1 0 0 0
0.5 0 -1 1 0 0 0 0
0.9995084 0 -1 1 1 1 0.8402 0
0.5 0 0 1 0 0 0 0
0.7902136 1 -1 1 0 0 0.2023 0
0.9789256 1 1 1 1 1 0.3612 0
0.895421 -1 1 1 2 1 0.4927 0
0.5 -1 -1 1 -1 0 0 0
0.5 0 0 1 1 0 0 0
0.8373929 1 0 1 1 0 0.2714 0
0.5 0 -1 1 0 0 0 0
0.7434349 0 -1 1 0 1 0.3818 0
0.5 0 -1 1 0 0 0 0
0.5 1 -1 1 0 1 0 0
0.5 0 -1 1 0 1 0 0
0.1172021 -1 -1 1 -1 -1 -0.541 0
0.5 0 0 1 0 0 0 0
0.9230493 0 0 1 1 0 0.4588 0
0.5 0 -1 1 0 0 0 0
0.08761517 -1 -1 1 -1 -1 -0.7783 0
0.9947395 1 1 1 2 1 0.836 0
0.9641017 1 -1 1 1 1 0.6103 0
0.5 0 -1 1 0 0 0 0
0.5 0 0 1 0 0 0 0
0.5 0 -1 1 0 0 0 0
0.06214257 -1 -1 1 -1 -1 -0.3806 0
0.9832601 0 -1 1 1 -1 0.5893 0
0.2683111 0 -1 1 0 0 0 0
0.5 0 -1 1 1 0 0 0
0.05369708 -1 0 1 -1 -1 -0.7339 0
0.5 0 -1 1 1 0 0 0
0.5 0 1 1 2 0 0.5242 0
0.770784 1 -1 1 1 1 0.3182 0
0.5 0 -1 1 0 0 0 0
0.5 -1 -1 1 -1 -1 0 0
0.9681366 1 -1 1 1 1 0.9453 0
0.5 0 -1 1 0 0 0 0
0.9483623 -1 1 1 0 1 0.7783 0
0.5 0 0 1 0 0 0 0
0.9456029 0 0 1 1 0 0.5093 0
0.5 -1 0 1 0 -1 0 0
0.7713646 0 0 1 0 0 0.2263 0
0.5 -1 0 1 0 -1 0 0
0.5 0 0 1 0 0 0 0
0.933931 1 0 1 3 1 0.8544 0
0.5 1 1 1 3 1 0.4574 0
0.7909885 0 -1 1 -1 -1 -0.6408 0
0.9515949 1 -1 1 1 1 0.7125 0
0.9620565 1 -1 1 1 1 0.7371 0
0.8913565 1 -1 1 2 1 0.7644 0
0.5 0 -1 1 0 0 0 0
0.1607411 0 0 1 1 0 0 0
0.03647361 0 -1 1 0 1 -0.4215 0
0.8420237 0 0 1 0 1 0 0
0.968598 1 -1 1 1 1 0.6103 0
0.820405 0 -1 1 -1 1 0.4404 0
0.5 0 0 1 -1 -1 0 0
0.5 0 -1 1 1 0 0 0
0.7600091 0 0 1 1 1 0 0
0.9641017 1 -1 1 1 1 0.6103 0
7.275308e-05 -1 0 1 -1 -1 -0.5994 0
0.8249113 -1 -1 1 1 1 0.1655 0
0.5 1 -1 1 1 1 0.4404 0
0.8249113 -1 -1 1 1 1 0.1655 0
0.08420662 -1 -1 1 -1 -1 0.0742 0
0.7717632 -1 -1 1 1 1 0.2006 0
0.8952543 0 -1 1 2 0 0.4019 0
0.9496983 1 -1 1 2 1 0.7345 0
0.5 0 -1 1 -1 0 0 0
0.5 0 -1 1 0 0 0 0
0.7902136 1 -1 1 0 0 0.2023 0
0.8581702 1 -1 1 1 1 -0.5216 0
0.7756268 0 -1 1 1 1 0.3544 0
0.5 0 0 1 1 0 0 0
0.9983685 1 0 1 1 1 0.6597 0
0.8862047 0 0 1 0 0 0.5859 0
0.9697493 1 -1 1 1 1 0.5994 0
0.7469349 1 0 1 2 1 0.7249 0
0.8135233 1 -1 1 0 1 0.5106 0
0.5 0 0 1 0 1 0 0
0.5 0 -1 1 0 1 0 0
0.5 1 1 1 1 1 0.4404 0
0.2140197 -1 -1 1 -2 -1 -0.6486 0
0.7902136 1 -1 1 0 0 0.2023 0
0.8718243 0 -1 1 1 0 0.4215 0
0.1155099 -1 -1 1 -1 -1 -0.4404 0
0.5 0 -1 1 0 0 0 0
0.7640721 -1 1 1 1 1 0.34 0
0.8581702 1 -1 1 1 1 -0.5216 0
0.8581702 1 -1 1 1 1 -0.5216 0
0.9059677 0 -1 1 0 1 0 0
0.8277495 1 -1 1 1 1 -0.5216 0
0.8916444 1 -1 1 2 1 0.8316 0
0.8086313 0 -1 1 0 -1 0.5859 0
0.8581702 1 -1 1 1 1 -0.5216 0
0.5 -1 -1 1 0 -1 0 0
0.5 0 0 1 0 0 0 0
0.5 -1 -1 1 0 0 0 0
0.5 0 -1 1 0 0 0 0
0.5 -1 -1 1 1 -1 0 0
0.006171648 -1 -1 1 0 -1 -0.8658 0
0.9824111 -1 0 1 2 1 0.8692 0
0.1836223 -1 -1 1 1 -1 0.6604 0
0.7600379 0 -1 1 1 -1 0.5242 0
0.997374 1 -1 1 0 1 0.5719 0
0.8380099 1 -1 1 1 1 0.577 0
0.5 -1 -1 1 -1 -1 0 0
0.2281513 0 -1 1 -1 0 -0.1027 0
0.9958595 1 -1 1 1 1 0.743 0
0.5 -1 0 1 0 -1 0 0
0.5 1 -1 1 1 0 0 0
0.5 0 -1 1 0 0 0 0
0.997374 1 -1 1 0 1 0.5719 0
0.5 0 0 1 1 0 0 0
0.9973565 1 1 1 1 1 0.743 0
0.5 1 -1 1 1 1 0.4199 0
0.7674146 1 -1 1 1 1 0.4588 0
0.2202519 -1 -1 1 -1 -1 -0.4404 0
0.5 0 0 1 0 0 0 0
0.5 0 -1 1 0 0 0 0
0.1464217 0 -1 1 -1 0 0.1531 0
0.5 1 -1 1 0 1 0 0
0.5 0 -1 1 0 0 0 0
0.5 0 -1 1 0 1 0 0
0.2087023 0 0 1 0 -1 0.7351 0
0.5 0 -1 1 0 0 0 0
0.5 0 0 1 0 0 0 0
0.5 0 1 1 1 0 0 0
0.5 0 -1 1 1 0 0 0
0.5 0 -1 1 0 0 0 0
0.1844316 0 -1 1 0 -1 -0.5423 0
0.5 0 -1 1 0 1 0 0
0.1374301 -1 -1 1 0 -1 -0.5719 0
0.9641017 1 -1 1 1 1 0.6103 0
0.03499519 0 0 1 -2 -1 -0.6271 0
0.5 0 -1 1 0 0 0.4466 0
0.5 0 -1 1 0 1 0 0
0.5 0 0 1 0 0 0 0
0.979784 1 -1 1 0 1 0.4019 0
0.9769434 1 -1 1 0 1 0.7351 0
0.5 0 1 1 1 0 0 0
0.2628959 0 0 1 0 -1 -0.5423 0
0.5 1 0 1 1 1 0.25 0
0.8916444 1 -1 1 2 1 0.8316 0
0.5 -1 -1 1 -1 -1 -0.3818 0
0.03577488 -1 -1 1 -1 -1 -0.4101 0
0.5 0 -1 1 0 0 0.4466 0
0.07000695 0 -1 1 0 -1 -0.128 0
0.9812275 1 1 1 1 1 0.4574 0
0.5 0 -1 1 0 1 0 0
0.5 0 0 1 0 0 0 0
0.8919656 1 0 1 1 1 0.3182 0
0.5 0 -1 1 0 0 0 0
0.7746746 0 0 1 1 0 0.4939 0
0.5 0 -1 1 -1 1 0 0
0.5 0 -1 1 0 0 0 0
0.5 0 -1 1 2 0 0 0
0.2202519 -1 0 1 -1 -1 -0.4404 0
0.9083215 1 0 1 1 1 0.4588 0
0.9811817 0 1 1 2 1 0.765 0
0.03612112 -1 -1 1 0 1 0.3252 0
0.959393 0 0 1 0 1 0.5267 0
0.8358765 -1 -1 1 0 0 0.1027 0
0.8830682 1 0 1 3 1 0.8189 0
0.04535075 -1 0 1 0 -1 0.7117 0
0.2194355 1 -1 1 1 -1 0.3129 0
0.8535397 0 -1 1 1 0 0.2263 0
0.5 1 -1 1 2 1 0.7104 0
0.5 0 -1 1 0 0 0.0772 0
0.7934028 1 -1 1 0 1 0.3612 0
0.9640419 1 -1 1 1 1 0.802 0
0.5 0 0 1 0 0 0 0
0.9840565 1 -1 1 3 1 0.7256 0
0.5 1 -1 1 0 1 0 0
0.7927629 1 0 1 1 1 0.7096 0
0.8756219 1 0 1 1 0 0.6588 0
0.9524793 1 1 1 2 1 0.8599 0
0.5 0 0 1 0 0 0 0
0.5 0 0 1 0 0 0.0772 0
0.9727793 1 0 1 1 1 0.7096 0
0.9949424 1 1 1 2 1 0.9151 0
0.5 0 0 1 0 0 0 0
0.5 0 0 1 0 0 0 0
0.9949424 1 1 1 2 1 0.9151 0
0.5 0 0 1 0 0 0 0
0.5 0 -1 1 1 1 0 0
0.5 1 -1 1 0 1 0 0
0.9503984 1 -1 1 1 1 0.7125 0
0.1734713 -1 -1 1 0 -1 -0.34 0
0.5 0 -1 1 0 0 0 0
0.5 0 0 1 1 0 0 0
0.8106179 0 -1 1 1 1 0.7506 0
0.2484127 1 -1 1 1 0 0.1511 0
0.7107216 -1 0 1 -1 -1 0 0
0.7811965 0 -1 1 0 0 0 0
0.9348801 0 -1 1 1 1 0.4404 0
0.9633845 0 -1 1 0 1 0.4588 0
0.5 0 -1 1 1 0 0 0
0.5 0 -1 1 0 1 0 0
0.9936009 1 1 1 2 1 0.8074 0
0.9049124 1 -1 1 0 1 0.2263 0
0.2189007 0 -1 1 0 -1 0.1531 0
0.5 -1 -1 1 0 -1 0 0
0.970611 1 1 1 1 1 0.872 0
0.7199574 -1 -1 1 0 -1 0 0
0.87028 0 -1 1 0 -1 -0.2003 0
0.5 0 -1 1 0 0 0 0
0.5 -1 0 1 0 -1 0 0
0.5 0 0 1 0 0 0 0
0.9709197 1 0 1 2 1 0.7759 0
0.5 0 -1 1 1 0 0 0
0.9641017 1 -1 1 1 1 0.6103 0
0.9356549 1 1 1 1 1 -0.3252 0
0.5 0 0 1 0 0 0 0
0.5 0 -1 1 1 0 0 0
0.9770669 1 0 1 2 1 0.555 0
0.9811808 1 -1 1 1 1 0.6331 0
0.05803869 -1 -1 1 -1 -1 -0.6868 0
0.7199574 -1 -1 1 0 -1 0 0
0.9566873 1 -1 1 1 1 0.4374 0
0.803588 0 0 1 1 1 0.4389 0
0.5 1 1 1 1 1 0.4404 0
0.9776174 1 0 1 0 1 0.25 0
0.8357786 0 -1 1 -1 1 0.4404 0
0.5 0 0 1 0 0 0 0
0.9972965 1 -1 1 3 1 0.784 0
0.731842 1 0 1 1 1 0.4404 0
0.5 0 -1 1 1 -1 0.3612 0
0.5 0 0 1 0 1 0 0
0.9947239 1 1 1 2 1 0.8439 0
0.5 0 -1 1 2 0 0 0
0.5 0 -1 1 1 -1 0.3612 0
0.5 0 -1 1 0 1 0 0
0.07937339 -1 -1 1 1 -1 0.6114 0
0.8702427 1 0 1 1 1 0.25 0
0.1322882 0 0 1 2 0 0.1984 0
0.9049124 1 0 1 0 1 0.2263 0
0.9641017 1 -1 1 1 1 0.6103 0
0.9793099 1 -1 1 2 1 0.8979 0
0.1995601 0 -1 1 0 -1 -0.5423 0
0.9137971 0 -1 1 0 0 0.2023 0
0.5 0 0 1 0 0 0 0
0.9252147 1 0 1 2 1 0.296 0
0.9893096 1 0 1 2 1 0.7717 0
0.9326072 0 0 1 1 0 0.4588 0
0.2484127 1 -1 1 1 0 0.1511 0
0.5 0 0 1 0 0 0 0
0.5 1 0 1 1 1 0.4404 0
0.5 0 0 1 0 0 0 0
0.03381222 -1 0 1 0 -1 -0.7185 0
0.5 0 -1 1 0 0 0 0
0.5 1 -1 1 2 1 0.7352 0
0.9021016 0 -1 1 1 0 0.6166 0
0.008657235 -1 -1 1 -2 -1 -0.872 0
0.229475 -1 -1 1 -1 -1 -0.296 0
0.5 0 -1 1 0 0 0 0
0.5 0 0 1 1 0 0 0
0.1486918 -1 0 1 -1 -1 -0.4019 0
0.5 0 -1 1 -1 -1 -0.2263 0
0.2601543 -1 -1 1 -1 -1 -0.34 0
0.5 0 0 1 1 0 0 0
0.5 1 -1 1 0 1 0 0
0.9641017 1 -1 1 1 1 0.6103 0
0.5 0 0 1 0 0 0 0
0.07058689 -1 -1 1 0 -1 -0.4588 0
0.06025463 -1 -1 1 0 -1 0.1027 0
0.2697603 0 0 1 1 0 0.4939 0
0.5 0 0 1 0 0 0 0
0.5 0 0 1 1 0 0 0
0.5 1 -1 1 1 0 0 0
0.1192994 1 -1 1 1 1 0.25 0
0.03577488 -1 -1 1 -1 -1 -0.4101 0
0.5 0 -1 1 0 1 0 0
0.5 0 0 1 0 1 0 0
0.07392746 -1 0 1 -1 -1 -0.5786 0
0.5 1 -1 1 0 1 0 0
0.9633845 0 -1 1 0 1 0.4588 0
0.5 0 0 1 0 0 0 0
0.5 0 -1 1 0 1 0 0
0.1182209 -1 -1 1 -2 -1 -0.5574 0
0.5 1 -1 1 0 1 0 0
0.5 0 0 1 0 0 0 0
0.5 1 -1 1 1 1 0.3612 0
0.5 0 0 1 0 0 0 0
0.9879019 1 0 1 1 1 0.7506 0
0.5 0 0 1 0 0 0 0
0.5 0 0 1 1 0 0 0
0.1136549 0 -1 1 -1 1 -0.43 0
0.5 0 0 1 0 0 0 0
0.5 0 -1 1 0 0 0 0
0.1293885 -1 -1 1 -1 0 -0.296 0
0.2218676 0 1 1 0 0 -0.128 0
0.5 0 0 1 0 0 0 0
0.5 0 0 1 0 0 0 0
0.05585933 -1 -1 1 1 -1 -0.7081 0
0.8159231 -1 -1 1 -2 -1 0.2656 0
0.002775874 -1 -1 1 -2 -1 -0.4939 0
0.7465127 1 -1 1 2 1 0.7125 0
0.9641017 1 -1 1 1 1 0.6103 0
0.104075 0 0 1 0 0 0 0
0.9083215 0 0 1 2 0 0.5093 0
0.7206086 0 0 1 -3 0 0.4926 0
0.8542565 0 -1 1 0 0 0.2023 0
0.5 0 0 1 -1 0 0 0
0.5 0 0 1 0 0 0.296 0
0.5 0 -1 1 0 0 0 0
0.5 0 -1 1 0 1 0 0
0.5 0 0 1 0 0 0 0
0.7674146 1 -1 1 1 1 0.4588 0
0.5 0 0 1 1 0 0 0
0.8534429 0 -1 1 1 0 0.4574 0
0.9213274 0 -1 1 0 1 -0.6898 0
0.7674146 1 -1 1 1 1 0.4588 0
0.9576203 1 -1 1 2 1 0.8104 0
0.9542752 1 -1 1 1 1 0.6395 0
0.5 0 0 1 0 0 0 0
0.9516863 1 1 1 1 1 0.4588 0
0.9098548 -1 1 1 0 1 0.7178 0
0.09660044 -1 0 1 -1 -1 -0.5574 0
0.9641017 1 -1 1 1 1 0.6103 0
0.5 1 -1 1 0 1 0 0
0.08166693 0 -1 1 1 -1 0 0
0.9794905 1 0 1 1 1 0.867 0
0.7882637 1 0 1 3 1 0.6988 0
0.01848562 -1 -1 1 -3 -1 -0.5106 0
0.7532902 0 -1 1 -2 -1 -0.0516 0
0.08706156 0 -1 1 -2 1 -0.1779 0
0.8474589 0 -1 1 1 0 0.4574 0
0.5 0 -1 1 0 0 0 0
0.5 0 -1 1 0 1 0 0
0.5 0 -1 1 0 0 0 0
0.5 0 -1 1 0 0 0 0
0.5 0 0 1 0 0 0 0
0.5 0 0 1 0 0 0 0
0.8539084 0 -1 1 1 1 0.296 0
0.5 0 -1 1 0 0 0 0
0.1974643 1 1 1 2 1 0.5919 0
0.9901375 1 -1 1 1 1 0.7717 0
0.9916343 1 1 1 2 1 0.9308 0
0.5 0 0 1 0 0 0 0
0.5 0 0 1 0 0 0 0
0.5 0 -1 1 0 1 0 0
0.05440057 -1 0 1 -3 -1 -0.7845 0
0.5 0 0 1 0 0 0 0
0.8842222 1 -1 1 0 1 0.5106 0
0.03731763 -1 -1 1 -3 -1 -0.5267 0
0.5 0 0 1 0 0 0 0
0.8158925 -1 0 1 -1 -1 -0.7507 0
0.5 0 0 1 0 0 0 0
0.5 0 0 1 0 0 0 0
0.8917288 1 1 1 3 1 0.9112 0
0.2511644 -1 -1 1 1 -1 0 0
0.07896734 0 -1 1 1 -1 0.5371 0
0.9962595 1 -1 1 3 1 0.8118 0
0.9098548 -1 1 1 0 1 0.7178 0
0.1876852 -1 -1 1 0 -1 0 0
0.9641017 1 -1 1 1 1 0.6103 0
0.5 1 1 1 3 1 0 0
0.9718134 0 0 1 1 0 0.6166 0
0.5 0 -1 1 -1 -1 0 0
0.5 1 -1 1 1 1 0.3612 0
0.8967075 1 -1 1 1 1 0.5994 0
0.5 0 0 1 0 0 0 0
0.5 0 -1 1 -1 1 0 0
0.9128789 1 0 1 0 1 0.4927 0
0.9694284 1 0 1 2 1 0.8455 0
0.9461184 -1 1 1 0 1 0.4404 0
0.5 -1 -1 1 1 1 0 0
0.5 0 -1 1 0 0 0 0
0.5 1 -1 1 1 1 0.3612 0
0.02731525 -1 -1 1 -1 -1 -0.4767 0
0.02016931 0 -1 1 0 -1 -0.4215 0
0.5 0 -1 1 0 -1 0 0
0.5 0 0 1 0 0 0 0
0.06456809 1 -1 1 1 1 0.0258 0
0.7798216 0 -1 1 1 0 0.3595 0
0.5 0 0 1 0 0 0 0
0.8857752 0 -1 1 2 0 0.4939 0
0.06504153 -1 -1 1 0 -1 -0.4572 0
0.5 0 -1 1 1 0 0 0
0.5 0 -1 1 1 0 0 0
0.5 0 -1 1 0 1 0 0
0.5 0 0 1 1 0 0 0
0.9633845 0 -1 1 1 1 0.4588 0
0.9150282 0 -1 1 1 1 0.3182 0
0.9519241 1 -1 1 2 1 0.7906 0
0.5 1 0 1 1 1 0.3612 0
0.5 0 -1 1 0 0 0 0
0.5 0 -1 1 0 0 0 0
0.2027244 -1 -1 1 -1 -1 -0.5255 0
0.8093712 1 -1 1 1 1 -0.033 0
0.7568266 1 -1 1 1 1 0.4404 0
0.5 0 -1 1 0 1 0 0
0.5 0 0 1 1 0 0 0
0.5 0 0 1 0 0 0 0
0.5 0 -1 1 3 0 0 0
0.00940548 1 -1 1 0 0 -0.3612 0
0.2476673 -1 -1 1 0 1 0.3182 0
0.2484127 1 -1 1 1 0 0.1511 0
0.9675693 1 0 1 2 1 0.7906 0
0.5 0 0 1 0 0 0 0
0.5 1 -1 1 1 1 0.5267 0
0.5 1 -1 1 0 1 0 0
0.5 0 0 1 0 0 0 0
0.1000068 1 -1 1 -1 1 -0.2789 0
0.08239074 -1 -1 1 -1 -1 -0.5994 0
0.9945272 1 0 1 1 1 0.8481 0
0.9916017 1 0 1 0 1 0.7003 0
0.5 0 0 1 0 -1 0 0
0.5 0 1 1 0 0 0 0
0.5 0 0 1 0 0 0 0
0.5 0 0 1 0 0 0 0
0.2659864 0 -1 1 2 0 0 0
0.9242393 0 1 1 2 1 0.5983 0
0.5 0 0 1 1 0 0 0
0.5 0 0 1 0 0 0 0
0.5 0 -1 1 0 0 0 0
0.03450988 0 -1 1 -1 -1 -0.7689 0
0.5 0 0 1 0 0 0 0
0.5 -1 -1 1 0 -1 0 0
0.5 0 0 1 1 0 0 0
0.9322329 0 0 1 1 1 0.5216 0
0.5 0 -1 1 0 0 0 0
0.5 0 -1 1 0 0 0 0
0.5 1 -1 1 0 1 0.2732 0
0.9851546 0 0 1 1 1 0.5523 0
0.9626629 1 0 1 3 1 0.8984 0
0.0171968 -1 -1 1 -1 -1 0.4199 0
0.9188677 1 -1 1 0 0 0.5423 0
0.5 1 -1 1 0 1 0.5473 0
0.5 0 0 1 0 0 0 0
0.5 0 0 1 0 0 0 0
0.2051807 0 -1 1 1 1 0.3612 0
0.5 1 0 1 0 1 0.2732 0
0.5 0 -1 1 1 0 0 0
0.5 0 0 1 1 1 0 0
0.09571133 0 -1 1 1 -1 0.5242 0
0.2147567 0 0 1 3 0 -0.4184 0
0.7696966 1 1 1 2 1 0.6369 0
0.1610326 0 1 1 -1 0 -0.0772 0
0.05011213 0 0 1 0 -1 0 0
0.5 0 -1 1 0 1 0 0
0.5 0 0 1 0 0 0 0
0.90412 0 -1 1 0 0 0.2263 0
0.9032034 0 -1 1 0 1 0.3182 0
0.5 0 -1 1 0 0 0 0
0.5 1 -1 1 1 1 0.3612 0
0.5 0 -1 1 0 0 0 0
0.5 0 -1 1 0 -1 0 0
0.1696468 0 -1 1 -1 -1 -0.6608 0
0.06570551 -1 0 1 0 -1 0 0