0.1444203 0 -1 0.25 -2 -1 -0.6369 -1
0.2902383 1 -1 1 2 1 0.7259 -1
0.5 -1 0 0.5 -2 -1 0 0
0.895459 0 -1 0.75 1 1 0.2714 0
0.1317863 0 -1 0.75 0 1 0.6412 1
0.9564578 1 1 0.75 2 1 0.676 1
0.5 -1 -1 0 -2 -1 0.4717 -1
0.2705421 0 -1 0.5 1 -1 0 -1
0.9905712 1 1 1 1 1 0.6369 1
0.1256767 1 0 0.75 -2 1 -0.3818 -1
0.08760891 1 -1 0.5 1 1 0.3612 1
0.1290259 0 -1 0.75 3 -1 0.357 -1
0.8584545 0 -1 0.5 0 1 0.1531 -1
0.2187579 0 -1 0.5 0 1 -0.1779 -1
0.05445996 -1 -1 0 -3 -1 -0.5809 -1
0.5 1 -1 0.25 -3 -1 0 -1
0.9601771 0 -1 0.75 1 0 0.6331 0
0.5 -1 -1 0.25 -1 0 0 0
0.9719171 1 1 1 2 1 0.6249 1
0.09881617 -1 -1 0 -2 -1 -0.2869 -1
0.9926549 1 1 1 2 1 0.6369 1
0.263109 1 0 0.25 2 1 0.1511 -1
0.05483264 -1 -1 0.75 0 1 0.3818 -1
0.929299 -1 -1 0.75 0 -1 0.5583 1
0.8465843 0 0 0.75 0 1 0.5514 0
0.248001 0 -1 0.5 -1 -1 0.1779 -1
0.2491987 1 -1 0.25 -1 1 0.5321 -1
0.9766386 1 -1 0.25 2 1 0.4227 1
0.9741656 1 0 1 2 1 0.91 1
0.9940639 1 -1 0.75 -1 1 0.872 -1
0.9283338 0 -1 0.75 -2 1 0.3612 0
0.2031459 -1 0 0.25 -1 -1 -0.3871 -1
0.9961211 1 1 0.75 2 1 0.7081 1
0.5 0 0 0.5 0 0 0 0
0.7755254 1 -1 0.75 -1 1 0.5362 0
0.5 -1 -1 0.5 -2 -1 -0.3595 0
0.2388304 1 1 0.5 0 0 0 0
0.9571989 1 1 0.75 1 1 0.3612 -1
0.5 0 -1 0.5 0 1 0 0
0.7285797 -1 0 1 1 0 0.6369 -1
0.9746258 1 0 1 1 1 0.6077 1
0.949029 1 1 0.75 1 1 0.743 1
0.9640936 0 0 0.75 2 0 0.5093 1
0.007205206 0 0 0.25 0 -1 0.296 -1
0.04816296 -1 -1 0.5 -2 -1 -0.2732 -1
0.3006429 1 -1 0.25 1 1 0.3612 0
0.5 1 -1 0.75 0 1 0 0
0.9292059 0 0 1 1 0 0.3804 1
0.8374231 1 0 1 2 1 0.1779 -1
0.5 1 1 1 1 1 0.7184 1
0.8975514 1 1 0.75 0 1 0.6908 -1
0.2333714 -1 1 0.25 -2 0 0.0516 -1
0.1299505 0 0 0.5 -1 1 0.3182 1
0.745219 1 1 0.75 0 1 0.6369 -1
0.9816566 1 1 0.75 1 1 0.5859 -1
0.1784424 1 -1 0.75 -1 1 0.1154 -1
0.5 0 0 0.5 0 0 0 0
0.9341962 0 -1 0.75 -2 -1 0.0258 1
0.5 1 1 1 2 1 0.6369 1
0.5 0 -1 0.5 1 0 0 1
0.939146 1 0 1 2 1 0.8519 1
0.244406 0 -1 0.5 0 0 0.5093 -1
0.9278276 1 -1 0.5 1 1 0.2874 0
0.9271791 0 0 0.5 0 0 0.3182 0
0.1738502 0 -1 0.25 0 -1 -0.2263 1
0.5 1 -1 1 1 1 0 -1
0.0352931 -1 -1 0.75 0 -1 0.3089 1
0.1562 -1 -1 0 -3 -1 -0.5859 -1
0.268737 0 -1 0.75 1 1 0.3612 0
0.01336785 -1 0 0.25 0 -1 -0.6269 -1
0.5 -1 -1 0.75 -1 1 0 0
0.06259188 -1 -1 0.5 -2 -1 0.0665 0
0.5 0 -1 0.25 -1 0 -0.4019 0
0.5 0 0 0.5 1 0 0 0
0.9694064 1 0 1 3 1 0.8114 1
0.9918834 1 -1 0.75 2 1 0.6333 1
0.957483 0 -1 0.5 0 0 0.3182 0
0.8190839 1 0 1 2 1 0.6892 1
0.7919255 -1 -1 0.25 -2 -1 -0.1027 -1
0.9116613 0 -1 0.5 1 1 0.4404 1
0.9492962 1 0 0.75 2 1 0.5574 1
0.9794846 1 1 0.75 2 1 0.6705 0
0.5 0 -1 0.25 1 -1 0 -1
0.9365396 1 0 0.5 2 1 0.4767 1
0.9474802 0 -1 0.75 2 0 0.765 -1
0.757133 -1 0 0.5 -2 0 -0.4404 -1
0.5 0 -1 0.25 1 0 0.4374 -1
0.9819824 1 1 1 2 1 0.6249 1
0.9468357 0 0 0.5 3 0 0.4215 1
0.3109902 0 -1 0 -2 -1 0.4019 -1
0.5 0 -1 0.5 0 0 0 1
0.110876 -1 -1 0 1 -1 0.2714 -1
0.1156595 0 -1 0.5 2 0 0 1
0.9974468 1 -1 0.5 2 1 0.7506 1
0.1787817 1 1 0.5 2 1 0.5859 0